5446 0.0599976
6890 0.850006
6937 1.64001
6937 2.43002
10510 3.22
10510 4.01001
8303 4.80002
6533 5.59
10433 6.38
9407 7.17001
9422 7.97
6641 8.76
1612 9.55
1627 10.34
4342 11.13
8195 11.92
1194 12.71
1194 13.5
2572 14.29
2572 15.08
2572 15.87
5648 17.51
5662 16.66
5693 18.27
5693 19.03
5880 19.79
8195 20.55
2449 21.31
2433 22.07
2449 22.83
2465 23.59
4777 24.35
5197 25.11
4886 26.68
4886 25.87
4902 27.47
2185 28.26
2185 29.05
5010 29.84
5042 30.63
1797 31.42
1797 32.21
5135 33
5166 33.79
5104 34.58
1673 35.37
1673 36.18
3348 36.96
3317 37.74
0 38.52
279 39.3
272 40.08
268 40.86
249 41.64
249 42.42
253 43.2
255 43.98
245 44.76
247 45.53
263 46.33
271 47.13
274 47.93
269 48.73
266 49.53
265 50.33
279 51.13
272 51.93
282 52.73
288 53.53
291 54.33
292 55.17
300 55.96
304 56.75
306 57.54
322 58.33
316 59.12
335 59.91
337 60.7
338 61.49
353 62.28
361 63.07
379 63.86
389 64.63
394 65.41
403 66.19
413 66.97
412 67.75
418 68.53
434 69.31
442 70.09
452 70.87
469 71.65
485 72.43
516 74.02
516 73.21
562 74.81
577 75.6
609 76.39
639 77.18
670 77.97
700 78.76
731 79.55
731 80.34
731 81.13
715 81.92
715 82.71
731 83.55
731 84.33
715 85.11
731 85.89
715 86.67
731 87.45
715 88.23
715 89.01
715 89.79
685 90.57
731 91.35
700 92.13
700 93.01
715 93.8
715 94.59
715 95.38
731 96.17
715 96.96
731 97.75
715 98.54
715 99.33
700 100.12
685 100.91
562 102.51
623 101.7
532 103.29
516 104.07
463 104.85
463 105.63
456 106.41
441 107.19
446 107.97
448 108.75
443 109.53
440 110.31
445 111.09
448 111.82
443 112.6
434 113.38
442 114.16
452 114.94
452 115.72
451 116.5
451 117.28
456 118.06
453 118.84
458 119.62
467 120.4
465 121.25
464 122.06
475 122.87
476 123.68
481 124.49
479 125.3
478 126.11
490 126.92
488 127.73
495 128.54
516 129.35
532 130.99
516 130.16
516 131.78
532 132.57
532 133.36
547 134.15
532 134.94
547 135.73
532 136.52
532 137.31
547 138.1
532 138.89
547 139.68
532 140.53
516 141.34
516 142.15
508 142.96
497 143.77
491 144.58
488 145.39
487 146.2
475 147.01
480 147.82
471 148.63
475 150.31
474 149.44
469 151.1
466 151.89
464 152.68
457 153.47
453 154.26
452 155.05
451 155.84
444 156.63
441 157.42
426 158.21
425 159
425 159.81
431 160.6
434 161.39
422 162.18
423 162.97
417 163.76
427 164.55
439 165.34
715 166.13
700 166.92
700 167.71
700 168.5
700 169.31
700 170.08
685 170.85
700 171.62
700 172.39
700 173.16
685 173.93
670 174.7
685 175.47
685 176.24
700 177.01
685 178.69
654 177.78
670 179.49
670 180.29
685 181.09
685 181.89
685 182.69
685 183.49
670 184.29
670 185.09
654 185.89
670 186.69
685 187.49
685 188.3
685 189.09
685 189.88
670 190.67
685 191.46
700 192.25
685 193.04
700 193.83
670 194.62
700 195.41
670 196.2
685 196.99
654 197.79
639 198.57
593 199.35
562 200.13
547 200.91
516 201.69
500 202.47
489 203.25
476 204.03
456 204.81
441 205.59
433 206.37
422 207.29
416 208.08
401 208.87
385 209.66
370 210.45
370 211.24
362 212.03
350 212.82
345 213.61
326 214.4
318 215.19
313 215.98
295 216.32
294 217.11
287 217.9
275 218.69
277 219.48
271 220.27
274 221.06
269 221.85
266 222.64
235 223.43
241 224.22
247 225.01
240 225.82
244 226.62
246 227.42
240 228.22
222 229.02
221 229.82
220 230.62
220 231.42
212 232.22
223 233.02
221 233.82
206 234.62
212 235.53
201 236.31
195 237.09
200 237.87
188 238.65
182 239.43
200 240.21
188 240.99
196 241.77
194 242.55
184 243.33
180 244.11
193 244.95
199 245.7
195 246.45
193 247.2
199 247.95
187 248.7
182 249.45
186 250.2
188 250.95
189 251.7
183 252.45
162 253.2
169 254.02
173 254.78
182 255.54
186 256.3
181 257.06
185 257.82
181 258.58
178 259.34
184 260.1
187 260.86
182 261.62
177 263.22
179 262.38
159 264
167 264.78
172 265.56
156 266.34
149 267.12
163 267.9
152 268.68
164 269.46
153 270.24
165 271.02
170 271.8
173 272.72
182 273.52
179 274.32
177 275.12
176 275.92
184 276.72
180 277.52
185 278.32
181 279.12
185 279.92
188 280.72
182 281.52
162 282.36
152 283.17
147 283.98
136 284.79
156 285.6
165 286.41
171 287.22
181 288.03
185 288.84
188 289.65
189 290.46
190 291.27
190 292.04
190 292.82
183 293.6
179 294.38
184 295.16
180 295.94
178 296.72
177 297.5
176 298.28
184 299.06
195 299.84
192 301.5
193 300.62
191 302.28
198 303.06
202 303.84
189 304.62
190 305.4
197 306.18
208 306.96
207 307.74
213 308.52
202 309.3
210 310.08
215 310.89
217 311.68
218 312.47
226 313.26
222 314.05
221 314.84
227 315.63
231 316.42
239 317.21
244 318
246 318.79
250 319.58
253 320.39
255 321.18
257 321.97
258 322.76
269 323.55
281 324.34
0 325.13
5228 325.92
5104 326.71
5383 327.5
5724 328.29
5073 329.92
5383 329.08
5321 330.76
0 331.6
2976 332.44
2961 333.28
2961 334.12
5648 334.96
5617 335.8
5585 336.64
5632 337.48
7232 338.32
4544 339.16
4544 339.98
4606 340.77
4715 341.56
0 342.35
0 343.14
0 343.93
0 344.72
5228 345.51
5212 346.3
5197 347.09
0 347.88
5135 349.45
0 348.67
5119 350.21
0 350.97
5088 351.73
5073 352.49
1194 353.25
1194 354.01
5212 354.77
5026 355.53
5026 356.29
1627 357.05
5073 358.67
5073 357.81
5477 359.5
