463 0.410004
470 1.20001
460 2.02
462 2.81
463 3.6
470 4.39
473 5.18
462 5.97
463 6.76
470 7.55
473 8.34
475 9.13
476 9.92
476 10.71
476 11.51
482 12.3
479 13.09
478 13.88
504 14.67
504 15.46
504 16.25
519 17.04
535 17.83
504 18.62
504 19.41
504 20.2
519 21.02
504 21.8
519 22.58
535 23.36
519 24.14
535 24.92
535 25.7
550 26.48
550 27.26
566 28.04
519 28.82
566 29.6
566 30.4
581 31.17
581 31.94
581 32.71
581 33.48
581 34.25
597 35.02
613 35.79
613 36.56
628 37.33
628 38.1
644 38.87
644 39.7
659 40.49
659 41.28
659 42.07
690 42.86
675 43.65
706 44.44
721 45.23
721 46.02
721 46.81
737 47.6
752 49.22
768 48.39
783 50.04
783 50.86
815 51.68
815 52.5
815 53.32
861 54.14
877 54.96
861 55.78
861 56.6
861 57.42
846 58.24
846 59.03
815 59.82
830 60.61
815 61.4
799 62.19
504 62.98
496 63.77
486 64.56
475 65.35
463 66.14
470 66.93
473 67.72
475 68.55
469 69.34
466 70.13
465 70.92
451 71.71
451 72.5
444 73.29
447 74.08
442 74.87
446 75.66
442 76.45
446 77.24
448 77.99
443 78.77
440 79.55
439 80.33
432 81.11
428 81.89
426 82.67
438 83.45
438 84.23
431 85.01
428 85.79
426 86.57
432 87.37
435 88.16
430 88.95
434 89.74
429 90.53
427 91.32
432 92.11
435 92.9
423 93.69
424 94.48
437 95.27
437 96.06
437 97.04
431 97.82
421 98.6
403 99.38
353 100.16
345 100.94
325 101.72
307 102.5
291 103.28
275 104.06
267 104.84
244 105.62
236 106.52
232 107.33
222 108.14
217 108.95
199 109.76
198 110.57
189 111.38
185 112.19
183 113
182 113.81
181 114.62
181 115.43
189 116.29
200 117.08
752 117.87
737 118.66
706 119.45
690 120.24
675 121.03
644 121.82
644 122.61
644 123.4
628 124.19
613 124.98
597 125.84
581 126.62
581 127.4
566 128.18
550 128.96
535 129.74
535 130.52
519 131.3
519 132.08
519 132.86
503 133.64
490 134.42
504 135.29
496 136.08
486 136.87
481 137.66
472 138.45
461 139.24
462 140.03
463 140.82
457 141.61
454 142.4
439 143.19
438 143.98
438 144.81
431 145.6
434 146.39
422 147.18
423 147.97
417 148.76
414 149.55
406 150.34
408 151.13
409 151.92
390 152.71
387 153.5
379 154.36
382 155.14
390 155.92
387 156.7
386 157.48
392 158.26
382 159.04
383 159.82
384 160.6
384 161.38
384 162.16
378 162.94
381 163.78
383 164.58
377 165.38
365 166.18
368 166.98
370 167.78
361 168.58
349 169.38
351 170.18
352 170.98
368 171.78
356 173.44
360 172.58
346 174.23
341 175.02
347 175.81
342 176.6
332 177.39
334 178.18
335 178.97
328 179.76
350 180.55
361 181.34
357 182.13
355 182.96
346 183.77
341 184.58
339 185.39
346 186.2
341 187.01
356 187.82
364 188.63
358 189.44
355 190.25
363 191.06
365 192.73
358 191.87
368 193.53
360 194.33
366 195.13
369 195.93
370 196.73
371 197.53
362 198.33
357 199.13
355 199.93
363 200.73
367 201.53
360 202.36
348 203.16
335 203.96
328 204.76
317 205.56
303 206.36
296 207.16
293 207.96
284 208.76
279 209.56
277 210.36
268 211.16
263 211.91
228 212.64
236 213.37
232 214.1
230 214.83
213 215.56
212 216.29
212 217.02
212 217.75
204 218.48
200 219.21
198 219.94
189 220.79
193 221.58
195 222.37
180 223.16
180 223.95
180 224.74
188 225.53
184 226.32
174 227.11
169 227.9
175 228.69
149 230.26
170 229.48
138 231.05
151 231.84
139 232.63
133 233.42
130 234.21
129 235
128 235.79
118 236.58
123 237.37
125 238.16
117 238.95
113 239.79
120 240.57
114 241.35
111 242.13
119 242.91
114 243.69
121 244.47
124 245.25
126 246.03
127 246.81
118 247.59
120 249.31
113 248.37
114 250.09
121 250.87
124 251.65
107 252.43
117 253.21
113 253.99
111 254.77
110 255.55
109 256.33
109 257.11
109 257.89
99 258.79
104 259.56
106 260.33
98 261.1
103 261.87
106 262.64
98 263.41
103 264.18
106 264.95
98 265.72
94 266.49
92 267.26
100 268.13
104 268.93
106 269.73
98 270.53
94 271.33
101 272.13
95 272.93
92 273.73
100 274.53
104 275.33
97 276.13
103 276.93
106 277.76
107 278.54
108 279.32
108 280.1
108 280.88
108 281.66
108 282.44
108 283.22
108 284
108 284.78
108 285.56
108 286.34
108 287.27
108 288.04
108 288.81
118 289.58
113 290.35
120 291.12
105 291.89
116 292.66
122 293.43
125 294.2
126 294.97
117 295.74
113 296.61
120 297.4
124 298.19
116 298.98
122 299.77
125 300.56
126 301.35
145 302.14
155 302.93
141 303.72
153 304.51
140 305.3
152 306.32
158 307.1
161 307.88
163 308.66
164 309.44
164 310.22
164 311
172 311.78
176 312.56
178 313.34
179 314.12
192 315.83
188 314.9
194 316.62
195 317.41
196 318.2
204 318.99
200 319.78
206 320.57
209 321.36
210 322.15
211 322.94
219 323.73
231 324.52
237 325.31
240 326.1
234 326.89
240 327.68
244 328.47
251 329.26
263 330.05
261 330.84
275 331.63
282 332.42
286 333.21
288 334
297 334.82
309 335.67
323 336.52
330 337.37
351 338.22
368 339.07
383 339.92
397 340.77
411 341.62
431 342.47
447 343.32
462 344.17
504 345.08
484 345.82
480 346.56
484 347.3
480 348.04
478 348.78
477 349.52
470 350.26
467 351
472 351.74
468 352.48
466 353.22
458 354.09
454 354.88
452 355.67
445 356.46
441 357.25
446 358.04
448 358.83
449 359.62
