182 0.25
189 1.02002
185 1.79001
191 2.56
194 3.33002
195 4.10001
188 4.87003
192 5.64001
202 6.41
199 7.18002
198 7.95001
197 8.83
189 9.62
185 10.41
191 11.2
202 11.99
191 12.78
194 13.57
203 14.36
208 15.15
202 15.94
199 16.73
206 17.52
193 18.33
203 19.09
208 19.85
194 20.61
203 21.37
200 22.13
198 22.89
205 23.65
209 24.41
218 25.17
207 25.93
219 27.5
210 26.69
216 28.29
222 29.08
225 29.87
226 30.66
235 31.45
231 32.24
237 33.03
232 33.82
238 34.61
233 35.4
239 36.19
241 36.78
242 37.57
235 38.36
231 39.15
237 39.94
240 40.73
234 41.52
240 42.31
250 43.1
255 43.89
257 44.68
244 45.47
252 46.28
271 47.09
289 47.9
290 48.71
298 49.52
310 50.33
316 51.14
303 51.95
297 52.76
294 53.57
308 54.38
315 55.19
311 56.03
316 56.82
335 57.61
353 58.4
362 59.19
367 59.98
360 60.77
372 61.56
378 62.35
395 63.14
397 63.93
418 65.53
411 64.72
428 66.32
439 67.11
452 67.9
458 68.69
461 69.48
475 70.27
504 71.06
520 71.85
520 72.64
535 73.43
551 74.22
582 75.06
597 75.84
629 76.62
644 77.4
675 78.18
691 78.96
722 79.74
768 80.52
768 81.3
768 82.08
768 82.86
768 83.64
768 84.52
768 85.31
768 86.1
768 86.89
753 87.68
768 88.47
768 89.26
753 90.05
753 90.84
768 91.63
768 92.42
768 93.21
753 94.01
753 94.8
768 95.59
768 96.38
768 97.17
768 97.96
768 98.75
768 99.54
722 100.33
613 101.12
520 101.91
504 102.7
496 103.55
473 104.36
469 105.17
460 105.98
462 106.79
463 107.6
470 108.41
467 109.22
472 110.03
468 110.84
466 111.65
465 112.46
471 113.3
468 114.09
478 114.88
471 115.67
474 116.46
469 117.25
467 118.04
504 118.83
491 119.62
490 120.41
489 121.2
483 121.99
504 122.79
504 123.59
504 124.39
496 125.19
504 125.99
504 126.79
535 127.59
535 128.39
535 129.19
535 129.99
535 130.79
535 131.59
551 132.5
535 133.29
520 134.08
551 134.87
520 135.66
520 136.45
520 137.24
504 138.03
496 138.82
487 139.61
482 140.4
479 142.11
480 141.19
472 142.9
461 143.69
463 144.48
450 145.27
444 146.06
434 146.85
429 147.64
427 148.43
426 149.22
425 150.01
425 150.8
412 151.6
405 152.43
408 153.26
403 154.09
401 154.92
386 155.75
385 156.58
392 157.41
395 158.24
390 159.07
394 159.9
675 160.73
691 161.6
691 162.38
691 163.16
675 163.94
691 164.72
675 165.5
675 166.28
660 167.06
660 167.84
660 168.62
644 169.4
644 170.18
644 171.06
629 171.8
629 172.54
629 173.28
629 174.02
644 174.76
613 175.5
629 176.24
613 176.98
597 177.72
629 178.46
629 179.2
613 180.09
613 180.92
613 181.75
629 182.58
597 183.41
613 184.24
597 185.07
629 185.9
613 186.73
597 187.56
629 188.39
597 189.22
629 190.06
597 190.85
597 191.64
582 192.43
629 193.22
613 194.01
613 194.8
613 195.59
629 196.38
613 197.17
613 197.96
582 198.75
535 199.55
504 200.32
491 201.09
471 201.86
448 202.63
430 203.4
372 204.17
372 204.94
363 205.71
350 206.48
344 207.25
333 208.02
320 208.91
305 209.67
298 210.43
279 211.19
277 211.95
268 212.71
244 213.47
244 214.23
236 214.99
224 215.75
226 216.51
227 217.27
212 218.12
196 218.91
204 219.7
200 220.49
198 221.28
189 222.07
185 222.86
175 223.65
178 224.44
172 225.23
169 226.02
175 226.81
170 227.65
168 228.43
148 229.21
157 229.99
143 230.77
136 231.55
123 232.33
126 233.11
127 233.89
128 234.67
119 235.45
124 236.23
117 237.07
123 237.86
126 238.65
118 239.44
114 240.23
112 241.02
111 241.81
110 242.6
100 243.39
105 244.18
98 244.97
104 245.76
97 246.25
94 247.02
92 247.79
91 248.56
91 249.33
91 250.1
91 250.87
91 251.64
91 252.41
91 253.18
91 253.95
91 254.72
91 255.63
81 256.39
86 257.15
88 257.91
89 258.67
90 259.43
90 260.19
90 260.95
81 261.71
86 262.47
88 263.23
89 263.99
90 264.84
90 265.63
90 266.42
81 267.21
76 268
83 268.79
77 269.58
74 270.37
82 271.16
86 271.95
88 272.74
89 273.53
80 274.34
85 275.15
88 275.96
80 276.77
85 277.58
88 278.39
80 279.2
76 280.01
74 280.82
82 281.63
77 282.44
84 283.25
87 284.12
89 284.91
90 285.7
90 286.49
90 287.28
81 288.07
76 288.86
83 289.65
77 290.44
84 291.23
87 292.02
79 292.81
85 293.62
88 294.41
89 295.2
90 295.99
90 296.78
90 297.57
90 298.36
90 299.15
90 299.94
81 300.73
86 301.52
88 302.31
89 303.08
90 303.89
90 304.7
90 305.51
90 306.32
90 307.13
90 307.94
100 308.75
95 309.56
93 310.37
92 311.18
91 311.99
81 312.79
67 313.57
69 314.35
70 315.13
90 315.91
100 316.69
105 317.47
117 318.25
123 319.03
126 319.81
127 320.59
128 321.37
128 322.32
128 323.1
128 323.88
147 324.66
156 325.44
161 326.22
163 327
164 327.78
165 328.56
165 329.34
173 330.12
177 330.9
171 331.78
176 332.64
186 333.5
191 334.36
202 335.22
207 336.08
194 336.94
203 337.8
215 338.66
214 339.52
213 340.38
213 341.24
220 342.05
224 342.84
226 343.63
227 344.42
220 345.21
216 346
214 346.79
213 347.58
205 348.37
209 349.16
218 349.95
223 350.74
202 351.25
199 352.02
198 352.79
190 353.56
193 354.33
210 355.1
211 355.87
196 356.64
189 357.41
193 358.18
187 358.95
184 359.72
