597 0.529999
581 1.32001
597 2.10999
566 2.89999
581 4.52
581 3.69
581 5.31
613 6.1
581 6.89
613 7.68
597 8.47
581 9.26
597 10.05
581 10.84
566 11.63
519 12.42
496 14.04
504 13.21
480 14.79
465 15.54
445 16.29
428 17.04
413 17.79
399 18.54
385 19.29
361 20.04
357 20.79
364 21.54
368 22.29
628 23.23
659 24.02
659 24.81
675 25.6
675 26.39
706 27.18
690 27.97
690 28.76
706 29.55
721 30.34
737 31.13
721 31.92
752 32.72
752 33.51
768 34.3
768 35.09
768 35.88
768 36.67
783 37.46
815 38.25
815 39.04
830 39.83
830 40.62
830 41.41
861 42.2
877 42.99
892 43.78
892 44.57
908 45.36
923 46.15
939 46.94
939 47.73
970 48.52
1001 49.31
566 50.1
535 50.89
519 52.04
503 52.83
504 53.62
504 54.41
490 55.2
483 55.99
485 56.78
481 57.57
472 58.36
461 59.15
462 59.94
463 61.49
463 60.73
463 62.27
457 63.05
454 63.83
459 64.61
455 65.39
453 66.17
458 66.95
441 67.73
446 68.51
442 69.29
433 70.07
435 70.86
430 71.65
181 72.44
181 73.23
173 74.02
169 74.81
148 75.6
138 76.39
133 77.18
121 77.97
115 78.76
110 80.38
112 79.55
109 81.17
109 81.96
109 82.75
109 83.54
109 84.33
109 85.12
109 85.91
109 86.7
118 87.49
113 88.28
110 89.87
111 89.07
100 90.65
104 91.43
97 92.21
93 92.99
101 93.77
105 94.55
107 95.33
108 96.11
108 96.89
108 97.67
108 99.31
108 98.45
108 100.11
118 100.91
113 101.71
120 102.51
114 103.31
121 104.11
124 104.91
126 105.71
127 106.51
127 107.31
113 108.87
118 108.11
120 109.67
114 110.47
121 111.27
124 112.07
126 112.87
117 113.67
122 114.47
125 115.27
126 116.07
145 116.87
136 117.67
150 118.5
139 119.3
133 120.1
130 120.9
129 121.7
147 122.5
156 123.3
160 124.1
162 124.9
135 125.7
158 126.5
161 127.3
171 128.08
168 128.87
174 129.66
177 130.45
179 131.24
172 132.03
184 132.82
182 133.61
189 134.4
200 135.19
198 135.98
205 136.77
208 137.64
210 138.44
219 139.24
223 140.04
225 140.84
226 141.64
235 142.44
231 143.24
237 144.04
242 144.84
243 145.64
243 146.44
251 147.34
263 148.12
277 148.9
276 149.68
275 150.46
244 151.24
251 152.02
228 152.8
236 153.58
241 154.36
250 155.14
244 155.92
251 156.61
244 157.4
244 158.19
251 158.98
213 159.77
220 160.56
229 161.35
228 162.14
236 162.93
232 163.72
230 164.51
229 165.3
228 166.16
220 166.96
232 167.76
222 168.56
225 169.36
219 170.16
223 170.96
225 171.76
219 172.56
208 173.36
218 174.16
215 174.96
221 175.79
217 176.58
215 177.37
206 178.16
201 178.95
199 179.74
213 180.53
213 181.32
228 182.11
228 182.9
220 183.69
224 184.48
226 185.31
227 186.14
235 186.97
231 187.8
229 188.63
236 189.46
224 190.29
226 191.12
235 191.95
224 192.78
226 193.61
227 194.44
227 195.26
235 196.03
241 196.8
250 197.57
228 198.34
236 199.11
240 199.88
234 200.65
239 201.42
241 202.19
234 202.96
239 203.73
241 204.6
242 205.39
243 206.18
243 206.97
251 207.76
263 208.55
244 209.34
244 210.13
251 210.92
263 211.71
261 212.5
251 214.12
244 213.29
228 214.89
236 215.66
232 216.43
230 217.2
213 217.97
220 218.74
216 219.51
214 220.28
213 221.05
213 221.82
213 222.59
205 223.42
209 224.23
203 225.04
208 225.85
210 226.66
203 227.47
192 228.28
186 229.09
183 229.9
182 230.71
181 231.52
181 232.33
173 233.08
169 233.87
167 234.66
174 235.45
170 236.24
168 237.03
167 237.82
148 238.61
129 239.4
147 240.19
138 240.98
131 242.57
133 241.77
148 243.3
157 244.03
161 244.76
145 245.49
155 246.22
160 246.95
163 247.68
164 248.41
146 249.14
137 249.87
151 250.6
140 251.48
134 252.27
131 253.06
130 253.85
129 254.64
129 255.43
129 256.22
119 257.01
124 257.8
126 258.59
118 259.38
116 261
104 260.17
122 261.77
125 262.54
127 263.31
128 264.08
128 264.85
128 265.62
128 266.39
128 267.16
128 267.93
128 268.7
128 269.47
109 270.3
119 271.13
124 271.96
117 272.79
123 273.62
126 274.45
127 275.28
128 276.11
128 276.94
128 277.77
128 278.6
128 279.43
128 280.25
128 281.04
128 281.83
119 282.62
142 283.41
135 284.2
150 284.99
139 285.78
152 286.57
140 287.36
134 288.15
150 288.94
158 289.81
143 290.58
154 291.35
160 292.12
163 292.89
164 293.66
165 294.43
165 295.2
147 295.97
156 296.74
161 297.51
164 299.14
163 298.28
165 299.94
165 300.74
165 301.54
173 302.34
177 303.14
179 303.94
180 304.74
180 305.54
180 306.34
188 307.14
184 307.94
182 308.73
181 309.52
181 310.31
197 311.1
205 311.89
216 312.68
222 313.47
225 314.26
226 315.05
227 315.84
235 316.63
231 317.42
229 318.29
236 319.08
240 319.87
244 320.66
251 321.45
255 322.24
265 323.03
270 323.82
272 324.61
281 325.4
286 326.19
288 326.98
289 327.85
290 328.7
290 329.55
314 330.4
318 331.25
335 332.1
353 332.95
362 333.8
373 334.65
385 335.5
398 336.35
411 337.2
418 338.01
434 338.8
436 339.59
457 340.38
472 341.17
520 341.96
551 342.75
582 343.54
597 344.33
597 345.12
628 345.91
613 346.7
582 347.53
597 348.27
628 349.01
613 349.75
597 350.49
582 351.23
582 351.97
566 352.71
597 353.45
582 354.19
582 354.93
597 356.47
582 355.67
582 357.26
582 358.05
597 358.84
597 359.63
