165 1.09
150 0.26001
165 1.93
173 2.77
169 3.61
175 4.45
178 5.29
187 6.13
191 6.97
159 7.81
162 8.65
179 9.49
180 10.33
188 11.19
184 11.98
182 12.77
189 13.56
185 14.35
175 15.14
178 15.93
187 16.72
184 17.51
182 18.3
181 19.09
181 19.88
181 20.71
188 21.46
192 22.21
186 22.96
183 23.71
189 24.46
185 25.21
175 25.96
178 26.71
187 27.46
184 28.21
201 29.79
190 28.96
198 30.57
205 31.35
208 32.13
202 32.91
207 33.69
209 34.47
210 35.25
211 36.03
219 36.81
223 37.59
217 38.37
222 39.24
225 40.03
218 40.82
223 41.61
225 42.4
218 43.19
228 43.98
235 44.77
241 45.56
258 46.35
258 47.14
262 48.76
266 47.93
260 49.57
267 50.38
278 51.19
268 52
279 52.81
284 53.62
303 54.43
304 55.24
305 56.05
305 56.86
321 57.67
337 58.53
345 59.3
341 60.07
347 60.84
366 61.61
382 62.38
377 63.15
394 63.92
409 64.69
423 65.46
430 66.23
427 67
439 67.83
463 68.62
470 69.41
519 70.2
535 70.99
550 71.78
581 72.57
597 73.36
628 74.15
659 74.94
690 75.73
706 76.52
706 77.39
706 78.19
690 78.99
706 79.79
690 80.59
690 81.39
690 82.19
690 82.99
690 83.79
690 84.59
690 85.39
690 86.19
690 87.02
675 87.81
690 88.6
690 89.39
675 90.18
675 90.97
690 91.76
690 92.55
675 93.34
690 94.13
690 94.92
690 95.71
690 96.79
690 97.58
690 98.37
706 99.16
706 99.95
721 100.74
706 101.53
706 102.32
706 103.11
721 103.9
721 104.69
721 105.48
721 106.31
737 107.1
721 107.89
737 108.68
737 109.47
737 110.26
752 111.05
752 111.84
752 112.63
737 113.42
752 114.21
768 115
768 115.83
752 116.62
783 117.41
783 118.2
799 118.99
799 119.78
799 120.57
814 121.36
783 122.15
830 122.94
830 123.73
814 124.52
845 125.38
845 126.16
861 126.94
861 127.72
892 128.5
196 129.28
188 130.06
184 130.84
174 131.62
169 132.4
148 133.18
160 134.83
156 133.96
162 135.62
163 136.41
172 137.2
168 137.99
166 138.78
173 139.57
177 140.36
186 141.15
191 141.94
193 142.73
187 143.52
184 144.31
198 145.1
189 145.89
200 146.68
206 147.47
209 148.26
210 149.05
219 149.84
223 150.63
233 151.42
230 152.21
237 153
242 153.83
250 154.65
262 155.47
276 156.29
283 157.11
279 157.93
300 158.75
311 159.57
324 160.39
338 161.21
345 162.03
365 163.64
358 162.85
381 164.42
1048 165.2
1032 165.98
1032 166.76
1016 167.54
1001 168.32
1016 169.1
1016 169.88
1001 170.66
690 171.44
675 172.22
690 172.98
675 173.77
690 174.56
643 175.35
659 176.14
675 176.93
659 177.72
675 178.51
659 179.3
675 180.09
659 180.88
675 181.67
675 182.53
659 183.35
659 184.17
659 184.99
659 185.81
675 186.63
643 187.45
675 188.27
659 189.09
675 189.91
659 190.73
643 191.55
690 192.41
675 193.2
659 193.99
659 194.78
628 195.57
581 196.36
566 197.15
535 197.94
519 198.73
498 199.52
487 200.31
475 201.1
463 201.79
450 202.58
430 203.37
420 204.16
402 204.95
400 205.74
386 206.53
369 207.32
361 208.11
349 208.9
343 209.69
332 210.48
319 211.38
312 212.12
301 212.86
288 213.6
289 214.34
282 215.08
278 215.82
268 216.56
271 217.3
243 218.04
235 218.78
233 220.32
239 219.52
230 221.11
229 221.9
236 222.69
232 223.48
230 224.27
229 225.06
228 225.85
228 226.64
228 227.43
220 228.22
194 229.84
208 229.01
203 230.63
199 231.42
190 232.21
185 233
190 233.79
193 234.58
187 235.37
176 236.16
178 236.95
171 237.74
168 238.53
166 239.32
173 240.09
169 240.86
167 241.63
166 242.4
173 243.17
177 243.94
152 244.71
158 245.48
161 246.25
163 247.02
164 248.66
164 247.79
172 249.45
168 250.24
166 251.03
165 251.82
165 252.61
146 253.4
155 254.19
141 254.98
153 255.77
159 256.56
162 257.35
145 258.18
136 258.94
150 259.7
139 260.46
152 261.22
158 261.98
161 262.74
144 263.5
136 264.26
132 265.02
130 265.78
129 266.54
147 267.38
128 268.19
118 269
113 269.81
120 270.62
114 271.43
139 272.24
133 273.05
130 273.86
147 274.67
137 275.48
151 276.29
158 277.18
161 277.97
163 278.76
145 279.55
136 280.34
150 281.13
157 281.92
161 282.71
163 283.5
164 284.29
146 285.08
160 286.63
155 285.87
162 287.42
145 288.21
155 289
141 289.79
134 290.58
149 291.37
138 292.16
151 292.95
158 293.74
169 294.53
167 295.32
174 296.15
169 296.94
167 297.73
174 298.52
169 299.31
148 300.1
164 300.89
172 301.68
168 302.47
174 303.26
177 304.05
171 304.84
183 305.71
189 306.53
192 307.35
186 308.17
183 308.99
182 309.81
189 310.63
200 311.45
214 312.27
221 313.09
208 313.91
219 315.62
210 314.73
223 316.41
225 317.2
226 317.99
234 318.78
231 319.57
229 320.36
205 321.15
200 321.94
206 322.73
201 323.52
206 324.31
217 325.15
214 325.94
213 326.73
212 327.52
204 328.31
200 329.1
198 329.89
213 330.68
212 331.47
204 332.26
200 333.05
198 333.84
189 334.7
200 335.5
198 336.3
205 337.1
200 337.9
190 338.7
185 339.5
183 340.3
182 341.1
181 341.9
188 342.7
184 343.5
182 344.35
189 345.13
192 345.91
194 346.69
187 347.47
184 348.25
182 349.03
189 349.81
185 350.59
190 351.37
185 352.15
175 352.93
178 353.73
153 354.52
159 355.31
162 356.1
163 356.89
164 357.68
164 358.47
164 359.26
