527 0.6
543 1.39
527 2.18
543 2.97
543 3.76
557 4.55
527 5.34
557 6.13
543 6.92
543 7.71
573 8.5
557 9.29
573 10.09
573 10.88
557 11.67
573 12.46
573 13.25
543 14.04
527 14.83
511 15.62
499 16.41
485 17.2
472 17.99
447 19.63
459 18.78
434 20.41
420 21.19
408 21.97
401 22.75
391 23.53
377 24.31
363 25.09
348 25.87
342 26.65
338 27.43
320 28.21
319 29.09
312 29.85
300 30.61
310 31.37
315 32.13
317 32.89
325 33.65
330 34.41
340 35.17
337 35.93
336 36.69
327 37.45
331 38.3
340 39.09
352 39.88
344 40.67
354 41.46
359 42.25
371 43.04
368 43.83
381 44.62
388 45.41
398 46.2
409 47.79
396 46.99
414 48.6
417 49.41
406 50.22
413 51.03
430 51.84
432 52.65
446 53.46
446 54.27
458 55.08
472 55.89
472 56.7
472 57.54
511 58.33
503 59.12
495 59.91
496 60.7
496 61.49
484 62.28
478 63.07
475 63.86
486 64.65
486 65.44
472 66.23
472 66.82
472 67.61
465 68.4
468 69.19
470 69.98
471 70.77
471 71.56
471 72.35
465 73.14
462 73.93
454 74.72
456 75.51
445 76.32
452 77.11
455 77.9
457 78.69
458 79.48
458 80.27
458 81.06
452 81.85
455 82.64
451 83.43
454 84.22
451 85.01
454 85.89
438 86.68
442 87.47
438 88.26
442 89.05
438 89.84
442 90.63
451 91.42
742 92.21
757 93
742 93.79
757 94.58
757 95.42
742 96.22
742 97.02
757 97.82
757 98.62
773 99.42
742 100.22
757 101.02
773 101.82
773 102.62
787 103.42
787 104.22
787 105.06
787 105.83
773 106.6
803 107.37
803 108.14
803 108.91
818 109.68
803 110.45
803 111.22
803 111.99
773 112.76
757 113.53
742 114.45
710 115.23
695 116.01
680 116.79
649 117.57
634 118.35
634 119.13
604 119.91
604 120.69
573 121.47
573 122.25
557 123.03
557 123.91
543 124.7
527 125.49
511 126.28
511 127.07
503 127.86
499 128.65
498 129.44
492 130.23
475 131.02
467 131.81
463 132.6
449 133.37
453 134.19
450 135.01
448 135.83
447 136.65
447 137.47
434 138.29
420 139.11
413 139.93
417 140.75
412 141.57
410 142.39
396 143.22
402 144
398 144.78
390 145.56
386 146.34
390 147.12
377 147.9
371 148.68
368 149.46
366 150.24
374 151.02
369 151.8
367 152.72
358 153.51
353 154.3
359 155.09
354 155.88
359 156.67
346 157.46
340 158.25
352 159.04
343 159.83
353 160.62
335 162.22
351 161.41
334 163.01
326 163.8
330 164.59
340 165.38
337 166.17
328 166.96
339 167.75
321 168.54
327 169.33
323 170.12
321 170.91
320 171.71
312 172.5
300 173.29
302 174.08
303 174.87
326 175.66
338 176.45
320 177.24
304 178.03
304 178.82
296 179.61
300 180.4
310 181.21
307 182.03
305 182.85
304 183.67
318 184.49
318 185.31
334 186.13
326 186.95
322 187.77
320 188.59
327 189.41
330 190.23
324 191.03
329 191.82
324 192.61
337 193.4
343 194.19
338 194.98
344 195.77
339 196.56
344 197.35
339 198.14
344 198.93
346 199.72
347 200.53
356 201.33
369 202.13
381 202.93
373 203.73
369 204.53
376 205.33
385 206.13
383 206.93
366 207.73
374 208.53
390 209.33
392 210.2
387 210.94
376 211.68
385 212.42
390 213.16
386 213.9
403 214.64
392 215.38
400 216.12
397 216.86
402 217.6
411 218.34
409 219.19
408 219.98
413 220.77
423 221.56
428 222.35
417 223.14
412 223.93
410 224.72
409 225.51
408 226.3
408 227.09
391 228.73
401 227.88
393 229.5
387 230.27
384 231.04
383 231.81
366 232.58
357 233.35
361 234.12
355 234.89
345 235.66
346 236.43
340 237.2
345 238.04
346 238.78
340 239.52
321 240.26
320 241
319 241.74
326 242.48
330 243.22
332 243.96
318 244.7
318 245.44
326 246.18
330 247.07
332 247.86
325 248.65
322 249.44
320 250.23
319 251.02
304 251.81
304 252.6
304 253.39
304 254.18
312 254.97
308 255.76
259 256.57
259 257.34
205 258.11
178 258.88
156 259.65
146 260.42
141 261.19
138 261.96
129 262.73
116 263.5
126 264.27
123 265.04
129 265.92
133 266.71
126 267.5
131 268.29
125 269.08
130 269.87
125 270.66
130 271.45
133 272.24
126 273.03
131 273.82
125 274.61
130 275.42
125 276.21
130 277
133 277.79
118 278.58
127 279.37
131 280.16
125 280.95
130 281.74
133 282.53
135 283.32
135 284.11
128 284.95
132 285.76
126 286.57
131 287.38
125 288.19
139 289
146 289.81
133 290.62
135 291.43
135 292.24
128 293.05
132 293.86
134 294.77
143 295.55
148 296.33
150 297.11
151 297.89
152 298.67
152 299.45
135 300.23
135 301.01
144 301.79
165 302.57
158 303.35
156 304.23
171 305.02
178 305.81
182 306.6
167 307.39
176 308.18
165 308.97
175 309.76
187 310.55
186 311.34
193 312.13
196 312.92
191 313.76
188 314.55
201 315.34
208 316.13
204 316.92
209 317.71
212 318.5
213 319.29
214 320.08
221 320.87
225 321.66
227 322.45
236 323.26
239 324.05
241 324.84
250 325.63
254 326.42
249 327.21
254 328
256 328.79
257 329.58
273 330.37
280 331.16
284 331.95
294 332.72
298 333.55
301 334.38
318 335.21
325 336.04
337 336.87
343 337.7
353 338.53
374 339.36
384 340.19
402 341.02
411 341.85
428 342.68
444 343.45
464 344.22
511 344.99
527 345.76
542 346.53
527 347.3
542 348.07
542 348.84
557 349.61
542 350.38
542 351.15
542 352
542 352.79
527 353.58
542 354.37
542 355.16
527 355.95
527 356.74
527 357.53
527 358.32
511 359.11
557 359.9
