441 0.609985
439 1.38998
438 2.16998
431 2.94998
434 3.72998
429 4.50998
433 5.28998
441 6.21
445 7
447 7.79
442 8.58
453 9.37
458 10.16
454 10.95
452 11.74
458 12.53
454 13.32
452 14.11
454 15.71
458 14.9
445 16.49
447 17.27
455 18.05
452 18.83
458 19.61
461 20.39
455 21.17
452 21.95
458 22.73
467 23.51
472 24.29
474 25.06
503 25.85
490 26.64
483 27.43
503 28.22
503 29.01
495 29.8
491 30.59
489 31.38
518 32.17
503 32.96
534 34.59
518 33.75
534 35.36
518 36.13
534 36.9
534 37.67
534 38.44
565 39.21
565 39.98
227 40.75
227 41.52
219 42.29
215 43.06
213 43.91
212 44.71
204 45.51
192 46.31
186 47.11
191 47.91
185 48.71
182 49.51
181 50.31
180 51.11
172 51.91
166 53.55
168 52.71
165 54.33
164 55.11
164 55.89
145 56.67
154 57.45
140 58.23
133 59.01
148 59.79
156 60.57
160 61.35
144 63.08
162 62.13
135 63.86
131 64.64
129 65.42
128 66.2
127 66.98
127 67.76
127 68.54
127 69.32
117 70.1
122 70.88
125 72.51
124 71.66
116 73.3
112 74.09
110 74.88
99 75.67
103 76.46
96 77.25
102 78.04
105 78.83
106 79.62
107 80.41
107 81.2
98 81.82
103 82.6
105 83.38
106 84.16
107 84.94
107 85.72
107 86.5
98 87.28
103 88.06
96 88.84
102 89.62
106 91.36
105 90.4
107 92.18
107 93
107 93.82
107 94.64
98 95.46
103 96.28
105 97.1
97 97.92
102 98.74
95 99.56
101 100.38
95 101.17
101 101.96
104 102.75
106 103.54
107 104.33
107 105.12
98 105.91
93 106.7
100 107.49
104 108.28
106 109.07
107 109.86
107 110.67
107 111.44
107 112.21
107 112.98
107 113.75
98 114.52
103 115.29
105 116.06
106 116.83
116 117.6
121 118.37
124 119.14
106 120.02
116 120.81
121 121.6
124 122.39
125 123.18
126 123.97
126 124.76
117 125.55
122 126.34
124 127.13
116 127.92
121 128.71
142 129.56
153 130.35
158 131.14
161 131.93
162 132.72
163 133.51
171 134.3
183 135.09
0 135.88
534 136.67
581 137.46
612 138.25
969 139.05
985 139.85
985 140.65
954 141.45
954 142.25
938 143.05
923 143.85
907 144.65
907 145.45
891 146.25
891 147.05
860 147.85
876 148.69
860 149.49
845 150.29
845 151.09
845 151.89
829 152.69
798 153.49
814 154.29
814 155.09
798 155.89
798 156.69
783 157.49
783 158.33
783 159.12
767 159.91
767 160.7
767 161.49
767 162.28
752 163.07
752 163.86
752 164.65
752 165.44
437 166.23
427 167.79
430 167.02
419 168.57
408 169.35
409 170.13
410 170.91
403 171.69
407 172.47
409 173.25
396 174.03
396 174.81
390 175.59
392 177.18
387 176.37
388 177.97
379 178.76
381 179.55
389 180.34
386 181.13
378 181.92
381 182.71
382 183.5
376 184.29
386 185.08
374 186.78
378 185.87
385 187.57
398 188.36
397 189.15
404 189.94
400 190.73
405 191.52
408 192.31
389 193.1
393 193.89
402 194.68
406 195.47
408 196.32
402 197.11
399 197.9
405 198.69
408 199.48
416 200.27
406 201.06
401 201.85
412 202.64
404 203.43
394 204.22
403 205.81
395 205.01
400 206.59
392 207.37
381 208.15
366 208.93
351 209.71
336 210.49
328 211.27
324 212.05
307 212.83
290 213.61
290 214.39
274 215.35
274 216.12
274 216.89
266 217.66
262 218.43
260 219.2
243 219.97
243 220.74
235 221.51
239 222.28
217 223.05
214 223.82
212 224.66
219 225.45
215 226.24
213 227.03
204 227.82
207 228.61
185 229.4
190 230.19
193 230.98
186 231.77
183 232.56
173 233.35
176 234.2
178 234.98
171 235.76
167 236.54
173 237.32
176 238.1
170 238.88
175 239.66
169 240.44
166 241.22
146 242
155 242.78
159 243.69
161 244.46
162 245.23
163 246
163 246.77
163 247.54
163 248.31
163 249.08
163 249.85
163 250.62
163 251.39
145 253.05
163 252.16
154 253.8
131 254.55
119 255.3
123 256.05
125 256.8
126 257.55
126 258.3
126 259.05
126 259.8
117 260.55
122 261.3
115 262.07
121 262.85
114 263.63
120 264.41
123 265.19
115 265.97
121 266.75
114 267.53
120 268.31
123 269.09
125 269.87
116 270.65
121 271.57
124 272.37
116 273.17
121 273.97
124 274.77
125 275.57
116 276.37
121 277.17
124 277.97
125 278.77
116 279.57
114 281.17
121 280.37
111 281.96
119 282.75
123 283.54
125 284.33
126 285.12
126 285.91
126 286.7
126 287.49
126 288.28
117 289.07
124 290.71
122 289.86
125 291.5
126 292.29
145 293.08
154 293.87
140 294.66
133 295.45
148 296.24
137 297.03
132 297.82
148 298.61
156 299.4
141 300.2
152 301.01
158 301.82
142 302.63
153 303.44
166 304.25
165 305.06
164 305.87
164 306.68
164 307.49
172 308.3
156 310.02
149 309.11
168 310.81
182 311.6
181 312.39
180 313.18
180 313.97
188 314.76
192 315.55
201 316.34
206 317.13
208 317.92
209 318.71
210 319.52
218 320.31
214 321.1
220 321.89
223 322.68
225 323.47
226 324.26
234 325.05
238 325.84
224 326.63
232 327.42
237 328.21
242 329.02
258 329.9
258 330.78
274 331.66
282 332.54
278 333.42
284 334.3
287 335.18
296 336.06
308 336.94
330 337.82
341 338.7
346 339.59
358 340.38
364 341.17
380 341.96
388 342.75
406 343.54
415 344.33
426 345.12
438 345.91
444 346.7
440 347.49
445 348.28
454 349.03
465 349.75
464 350.47
464 351.19
464 351.91
457 352.63
447 353.35
448 354.07
456 354.79
446 355.51
441 356.23
452 356.95
451 357.76
450 358.55
450 359.34
