1893 0.619995
1893 1.41998
4609 2.22
1474 3.01999
1458 3.81998
8554 4.62
2839 5.41998
2854 6.22
2854 7.01999
5929 7.81998
5913 8.69
5929 9.47
5960 10.25
6100 11.03
2699 11.81
2699 12.59
488 13.37
488 14.15
488 14.93
483 15.71
480 16.49
472 17.27
475 18.13
476 18.89
477 19.65
490 20.41
497 21.17
492 21.93
498 22.69
488 23.45
496 24.21
499 24.97
518 25.73
502 26.49
518 27.33
534 28.12
534 28.91
518 29.7
518 30.49
534 31.28
534 32.07
564 32.86
550 33.65
580 34.44
595 35.23
595 36.02
580 37.04
611 37.82
611 38.6
625 39.38
625 40.16
641 40.94
641 41.72
656 42.5
672 43.28
672 44.06
687 44.84
702 45.62
717 46.51
717 47.31
733 48.11
749 48.91
764 49.71
780 50.51
780 51.31
810 52.11
825 52.91
825 53.71
825 54.51
825 55.31
810 56.14
825 56.93
810 57.72
810 58.51
810 59.3
794 60.09
794 60.88
780 61.67
780 62.46
749 63.25
488 64.04
464 65.69
476 64.83
458 66.45
455 67.21
448 67.97
444 68.73
435 69.49
444 70.25
448 71.01
444 71.77
428 72.53
427 73.29
426 74.05
426 74.85
419 75.66
422 76.47
424 77.28
432 78.09
436 78.9
438 79.71
425 80.52
419 81.33
429 82.14
427 82.95
426 83.76
426 84.59
426 85.38
426 86.17
426 86.96
433 87.75
429 88.54
427 89.33
420 90.12
416 90.91
414 91.7
427 92.49
420 93.28
430 94.17
435 94.97
437 95.77
445 96.57
449 97.37
437 98.17
445 98.97
429 99.77
434 100.57
437 101.37
431 102.17
412 103.81
422 102.97
406 104.59
388 105.37
372 106.15
364 106.93
352 107.71
339 108.49
332 109.27
314 110.05
304 110.83
299 111.61
290 112.39
285 113.26
283 114.05
274 114.84
252 115.63
252 116.42
252 117.21
252 118
252 118.79
244 119.58
233 120.37
227 121.16
224 121.95
222 122.77
221 123.57
214 124.37
195 125.17
194 125.97
200 126.77
210 127.57
216 128.37
226 129.17
236 129.97
579 130.77
564 132.44
564 131.57
549 133.23
549 134.02
549 134.81
534 135.6
518 136.39
534 137.18
534 137.97
518 138.76
518 139.55
510 140.34
506 141.13
504 141.82
491 142.61
484 143.4
474 144.19
476 144.98
470 145.77
467 146.56
466 147.35
472 148.14
462 148.93
463 149.72
464 150.51
464 151.33
452 152.14
452 152.95
446 153.76
449 154.57
451 155.38
452 156.19
446 157
443 157.81
448 158.62
437 159.43
439 161.03
438 160.24
446 161.82
436 162.61
438 163.4
432 164.19
436 164.98
424 165.77
432 166.56
436 167.35
424 168.14
418 168.93
422 169.72
424 170.58
412 171.37
412 172.16
419 172.95
429 173.74
414 174.53
408 175.32
411 176.11
412 176.9
418 177.69
410 178.48
412 179.27
418 180.1
415 180.9
414 181.7
420 182.5
416 183.3
414 184.1
413 184.9
419 185.7
416 186.5
421 187.3
423 188.1
431 188.9
435 189.74
430 190.53
435 191.32
430 192.11
421 192.9
423 193.69
424 194.48
425 195.27
419 196.06
422 196.85
424 197.64
410 199.24
418 198.43
405 200.06
396 200.88
392 201.7
374 202.52
365 203.34
352 204.16
339 204.98
324 205.8
325 206.62
318 207.44
306 208.26
300 208.99
291 209.72
286 210.45
283 211.18
274 211.91
277 212.64
272 213.37
269 214.1
237 214.83
244 215.56
240 216.29
231 217.02
234 217.97
227 218.75
217 219.53
219 220.31
220 221.09
213 221.87
217 222.65
205 223.43
213 224.21
210 224.99
208 225.77
193 226.55
193 227.44
200 228.23
204 229.02
191 229.81
192 230.6
192 231.39
192 232.18
184 232.97
181 233.76
194 234.55
185 235.34
189 236.13
191 236.93
184 237.72
181 238.51
186 239.3
182 240.09
180 240.88
186 241.67
182 242.46
180 243.25
162 244.04
153 244.83
165 245.62
172 246.25
174 247.01
159 247.77
168 248.53
156 249.29
166 250.05
155 250.81
149 251.57
164 252.33
154 253.09
141 253.85
159 254.61
168 255.46
156 256.22
141 256.98
142 257.74
160 258.5
152 259.26
148 260.02
163 260.78
170 261.54
174 262.3
175 263.06
159 263.82
168 264.59
156 265.38
149 266.17
147 266.96
162 267.75
170 268.54
174 269.33
175 270.12
159 270.91
151 271.7
165 272.49
146 273.28
162 274.14
144 274.94
161 275.74
169 276.54
174 277.34
175 278.14
176 278.94
177 279.74
184 280.54
181 281.34
179 282.14
161 283.77
178 282.94
169 284.56
174 285.35
158 286.14
175 286.93
184 287.72
188 288.51
183 289.3
180 290.09
186 290.88
182 291.67
193 293.3
180 292.46
185 294.09
195 294.88
186 295.67
182 296.46
187 297.25
196 298.04
195 298.83
200 299.62
189 300.41
197 301.2
195 301.99
194 302.8
208 303.6
214 304.4
218 305.2
220 306
221 306.8
221 307.6
213 308.4
217 309.2
219 310
220 310.8
239 312.44
228 311.6
237 313.23
237 314.02
237 314.81
243 315.6
249 316.39
253 317.18
255 317.97
268 318.76
274 319.55
277 320.34
286 321.13
283 321.91
289 322.7
292 323.49
294 324.28
310 325.07
310 325.86
318 326.65
329 327.44
335 328.23
338 329.02
388 329.81
388 330.6
379 331.42
390 332.29
402 333.16
420 334.03
436 334.9
444 335.77
454 336.64
471 337.51
0 338.38
5479 339.25
5463 340.12
5463 340.99
0 341.9
5401 342.68
0 343.46
0 344.24
5339 345.02
5323 345.8
5339 346.58
5494 347.36
1474 348.14
5308 348.92
5308 349.7
1892 350.48
1892 351.25
5757 351.99
5711 352.73
7141 353.47
7203 354.21
10776 354.95
10792 355.69
10761 356.43
8601 357.17
10792 357.91
9673 358.65
9688 359.39
