643 0.0599976
659 0.839996
659 1.62
690 2.39999
706 3.17999
721 4.87
706 3.95999
721 5.67
752 6.47
752 7.27
768 8.07
783 8.87
814 9.67
830 10.47
845 11.27
877 12.07
892 12.87
908 13.67
954 14.48
398 15.23
385 15.98
369 16.73
361 17.48
357 18.23
355 18.98
354 19.73
330 20.48
326 21.23
316 21.98
311 22.73
316 23.55
311 24.33
308 25.11
315 25.89
302 26.67
304 27.45
297 28.23
301 29.01
303 29.79
304 30.57
297 31.35
301 32.13
311 33.08
316 33.85
303 34.62
296 35.39
301 36.16
303 36.93
296 37.7
293 38.47
307 39.24
298 40.01
286 40.78
280 41.55
285 42.39
295 43.2
300 44.01
311 44.82
300 45.63
303 46.44
304 47.25
297 48.06
286 48.87
288 49.68
289 50.49
297 51.3
293 52.18
291 52.97
290 53.76
298 54.55
294 55.34
308 56.13
291 56.92
290 57.71
298 58.5
302 59.29
304 60.08
305 60.87
313 61.67
301 62.43
295 63.19
292 63.95
299 64.71
302 65.47
304 66.23
297 66.99
293 67.75
276 68.51
275 69.27
243 70.03
243 70.88
227 71.67
235 72.46
231 73.25
229 74.04
228 74.83
220 75.62
216 76.41
214 77.2
213 77.99
212 78.78
212 79.57
204 80.38
192 81.18
194 81.98
187 82.78
184 83.58
182 84.38
173 85.18
177 85.98
171 86.78
168 87.58
166 88.38
165 89.18
165 90.06
165 90.86
146 91.66
155 92.46
141 93.26
134 94.06
131 94.86
129 95.66
128 96.46
128 97.26
128 98.06
128 98.86
128 99.66
128 100.45
118 101.24
113 102.03
111 102.82
110 103.61
119 104.4
123 105.19
116 105.98
112 106.77
110 107.56
109 108.35
109 109.15
109 109.91
109 110.67
109 111.43
109 112.19
99 112.95
94 113.71
101 114.47
114 115.23
121 115.99
124 116.75
144 117.51
136 118.37
150 119.17
139 119.97
133 120.77
121 121.57
115 122.37
102 123.17
105 123.97
97 124.77
93 125.57
101 126.37
114 127.17
121 128.01
143 128.8
162 129.59
306 130.38
411 131.17
404 131.96
401 132.75
393 133.54
395 134.33
396 135.12
390 135.91
400 136.7
392 137.46
395 138.27
390 139.08
394 139.89
389 140.7
387 141.51
386 142.32
385 143.13
391 143.94
388 144.75
386 145.56
392 146.37
395 147.18
409 147.97
410 148.76
404 149.55
407 150.34
409 151.13
403 151.92
413 152.71
412 153.5
418 154.29
421 155.08
422 155.87
423 156.53
437 157.32
430 158.11
434 158.9
442 159.69
440 160.48
445 161.27
448 162.06
449 162.85
456 163.64
460 164.43
455 165.22
466 166.03
458 166.82
448 167.61
443 168.4
440 169.19
445 169.98
441 170.77
439 171.56
431 172.35
421 173.14
416 173.93
413 174.72
405 175.52
395 176.31
383 177.1
368 177.89
376 178.68
380 179.47
376 180.26
364 181.05
358 181.84
355 182.63
346 183.42
334 184.21
320 185.02
328 185.83
325 186.64
331 187.45
318 188.26
312 189.07
309 189.88
315 190.69
310 191.5
300 192.31
295 193.12
291 194.8
292 193.93
298 195.59
302 196.38
296 197.17
277 197.96
291 198.75
290 199.54
290 200.33
282 201.12
278 201.91
243 202.7
251 203.49
263 204.3
261 205.09
260 205.88
259 206.67
267 207.46
243 208.25
259 209.04
259 209.83
267 210.62
263 211.41
243 212.2
243 213.8
259 212.99
259 214.56
243 215.32
243 216.08
251 216.84
243 217.6
235 218.36
231 219.12
237 219.88
240 220.64
241 221.4
242 222.16
242 222.97
242 223.75
242 224.53
242 225.31
250 226.09
243 226.87
243 227.65
235 228.43
241 229.21
242 229.99
242 230.77
242 231.55
250 232.32
243 233.11
243 233.9
251 234.69
255 235.48
257 236.27
258 237.06
258 237.85
258 238.64
243 239.43
243 240.22
243 241.01
251 241.85
255 242.61
257 243.37
258 244.13
274 244.89
274 245.65
274 246.41
282 247.17
286 247.93
288 248.69
289 249.45
297 250.21
301 251.06
303 251.85
312 252.64
301 253.43
295 254.22
308 255.01
315 255.8
302 256.59
304 257.38
320 258.17
321 258.96
337 259.75
345 260.56
349 261.32
351 262.08
352 262.84
337 263.6
345 264.36
349 265.12
367 265.88
369 266.64
383 267.4
377 268.16
381 268.92
389 269.73
387 270.53
392 271.33
401 272.13
412 272.93
418 273.73
428 274.53
439 275.33
431 276.13
447 276.93
455 277.73
471 278.53
479 279.37
504 280.16
496 280.95
486 281.74
504 282.53
496 283.32
486 284.11
487 284.9
482 285.69
485 286.48
486 287.27
482 288.87
487 288.06
479 289.66
471 290.45
467 291.24
465 292.03
464 292.82
457 293.61
454 294.4
446 295.19
442 295.98
433 296.77
435 297.56
443 298.4
440 299.2
452 300
451 300.8
444 301.6
434 302.4
429 303.2
426 304
432 304.8
428 305.6
426 306.4
425 307.2
431 308.01
427 308.8
425 309.59
431 310.38
441 311.17
446 311.96
442 312.75
426 313.54
425 314.33
411 315.12
306 315.91
282 316.7
212 317.54
204 318.33
192 319.12
178 319.91
171 320.7
168 321.49
166 322.28
173 323.07
177 323.86
186 324.65
199 325.44
411 326.23
417 327.03
440 327.81
439 328.59
438 329.37
451 330.15
444 330.93
441 331.71
452 332.49
458 333.27
461 334.05
462 334.83
460 337.03
456 335.61
462 337.81
463 338.59
475 339.37
476 340.15
482 340.93
485 341.71
486 342.49
504 343.27
519 344.05
504 344.83
496 345.61
504 346.48
535 347.26
535 348.04
535 348.82
550 349.6
535 350.38
535 351.16
550 351.94
566 352.72
581 353.5
566 354.28
581 355.06
581 355.84
581 356.63
597 357.42
612 358.21
643 359
643 359.79
