423 0.779999
416 1.60001
426 2.42001
431 3.23999
420 4.06
422 4.88
423 5.70001
430 7.36
423 6.51999
433 8.15
428 8.94
432 9.73
428 10.52
439 11.31
444 12.1
440 12.89
432 13.68
441 14.47
439 15.26
444 16.88
438 16.05
447 17.62
454 18.36
452 19.1
456 19.84
465 20.58
457 21.32
466 22.06
464 22.8
456 23.54
459 24.28
467 25.02
464 25.88
482 26.67
491 27.46
495 28.25
492 29.04
496 29.83
531 30.62
531 31.41
546 32.2
546 32.99
531 33.78
546 34.57
546 35.37
561 36.17
576 36.97
576 37.77
561 38.57
592 39.37
607 40.17
622 40.97
622 41.77
6236 42.57
6189 43.37
5615 45.05
5631 44.17
5600 45.83
5615 46.61
5149 47.39
5754 48.17
5785 48.95
5723 49.73
5661 50.51
5677 51.29
3316 52.07
3316 52.85
6018 54.51
5816 53.63
5972 55.3
5941 56.09
5972 56.88
8520 57.67
0 58.46
0 59.25
5009 60.04
0 60.83
5242 61.62
0 62.41
5584 64
0 63.2
5553 64.75
5538 65.5
1517 66.25
5475 67
5460 67.75
0 68.5
475 69.25
468 70
458 70.75
453 71.5
460 73.07
458 72.25
461 73.88
449 74.69
455 75.5
452 76.31
451 77.12
437 77.93
443 78.74
440 79.55
445 80.36
447 81.17
449 82.86
448 81.98
449 83.65
436 84.44
443 85.23
446 86.02
441 86.81
445 87.6
441 88.39
445 89.18
447 89.97
442 90.76
446 91.55
448 92.31
449 93.1
455 93.89
452 94.68
457 95.47
453 96.26
458 97.05
460 97.84
461 98.63
462 99.42
462 100.21
465 101.89
455 101
470 102.67
459 103.45
474 104.23
468 105.01
472 105.79
480 106.57
471 107.35
480 108.13
478 108.91
483 109.69
486 110.47
487 111.57
488 112.35
488 113.13
494 113.91
515 114.69
531 115.47
515 116.25
507 117.03
515 117.81
515 118.59
546 119.37
546 120.15
546 121.02
546 121.81
546 122.6
561 123.39
561 124.18
576 124.97
592 125.76
592 126.55
608 127.34
608 128.13
608 128.92
263 129.71
249 130.52
241 131.31
237 132.1
236 132.89
227 133.68
222 134.47
221 135.26
220 136.05
219 136.84
219 137.63
219 138.42
219 139.21
219 140.01
211 140.81
208 141.61
206 142.41
197 143.21
201 144.01
188 144.81
189 145.61
182 146.41
178 147.21
184 148.01
192 149.62
179 148.81
191 150.43
183 151.24
194 152.05
192 152.86
198 153.67
194 154.48
184 155.29
180 156.1
184 156.91
180 157.72
160 158.53
150 159.33
163 160.12
169 160.91
172 161.7
174 162.49
174 163.28
174 164.07
182 164.86
185 165.65
180 166.44
177 167.23
183 168.82
176 168.02
161 169.59
168 170.36
172 171.13
174 171.9
182 172.67
178 173.44
176 174.21
158 174.98
174 175.75
182 176.52
159 178.14
178 177.29
167 178.96
154 179.78
165 180.6
152 181.42
146 182.24
160 183.06
150 183.88
163 184.7
169 185.52
172 186.34
178 187.93
181 187.16
184 188.72
186 189.51
188 190.3
182 191.09
178 191.88
184 192.67
179 193.46
184 194.25
180 195.04
177 195.83
186 197.49
184 196.62
195 198.27
185 199.05
195 199.83
192 200.61
184 201.39
186 202.17
195 202.95
193 203.73
191 204.51
183 205.29
186 206.07
195 206.96
200 207.75
202 208.54
195 209.33
207 210.12
206 210.91
212 211.7
201 212.49
188 213.28
182 214.07
178 214.86
191 215.65
190 216.42
197 217.21
201 218
195 218.79
200 219.58
187 220.37
181 221.16
185 221.95
180 222.74
177 223.53
184 224.32
179 225.11
184 225.95
180 226.72
177 227.49
176 228.26
175 229.03
175 229.8
175 230.57
157 231.34
141 232.11
141 232.88
141 233.65
166 235.27
157 234.42
153 236.06
147 236.85
161 237.64
142 238.43
141 239.22
124 240.01
132 240.8
128 241.59
134 242.38
121 243.17
130 243.96
127 244.75
125 245.52
124 246.29
124 247.06
132 247.83
136 248.6
130 249.37
135 250.14
122 250.91
123 251.68
124 252.45
132 253.22
136 254.01
138 254.74
123 255.47
124 256.2
124 256.93
124 257.66
124 258.39
132 259.12
128 259.85
126 260.58
125 261.31
133 262.04
136 262.93
138 263.71
139 264.49
140 265.27
132 266.05
128 266.83
134 267.61
137 268.39
130 269.17
111 269.95
118 270.73
121 271.51
123 272.35
131 273.17
128 273.99
134 274.81
137 275.63
139 276.45
140 277.27
140 278.09
140 278.91
140 279.73
140 280.55
140 281.37
140 282.21
140 283
132 283.79
136 284.58
138 285.37
139 286.16
140 286.95
157 287.74
148 288.53
144 289.32
142 290.11
141 290.9
141 291.82
141 292.6
157 293.38
148 294.16
162 294.94
168 295.72
154 296.5
165 297.28
170 298.06
173 298.84
174 299.62
173 301.23
156 300.4
181 302.04
185 302.85
187 303.66
195 304.47
185 305.28
195 306.09
192 306.9
191 307.71
197 308.52
215 309.33
561 310.14
561 310.99
561 311.78
561 312.57
561 313.36
546 314.15
531 314.94
531 315.73
531 316.52
531 317.31
515 318.1
501 318.89
500 319.68
500 320.51
495 321.29
498 322.07
493 322.85
497 323.63
493 324.41
484 325.19
480 325.97
471 326.75
467 327.53
471 328.31
467 329.09
458 329.92
460 330.77
449 331.62
455 332.47
452 333.32
445 334.17
441 335.02
445 335.87
441 336.72
445 337.57
441 338.42
432 339.27
428 340.09
426 340.88
438 341.67
444 342.46
434 343.25
435 344.04
429 344.83
433 345.62
435 346.41
423 347.2
417 347.99
420 348.78
428 349.59
432 350.35
428 351.11
419 351.87
409 352.63
422 353.39
416 354.15
407 354.91
402 355.67
400 356.43
399 357.19
398 357.95
405 358.84
414 359.64
