613 0.54
598 1.34
598 2.14
613 2.94
613 3.74
628 4.54
598 5.34
628 6.14
613 6.94
628 7.74
613 8.54
628 9.34
628 10.14
628 10.93
628 11.72
613 12.51
643 13.3
643 14.09
628 14.88
598 15.67
582 16.46
552 17.25
537 18.04
497 19.62
513 18.83
482 20.39
481 21.16
481 21.93
474 22.7
477 23.47
479 24.24
485 25.01
476 25.78
478 26.55
472 27.32
506 28.89
476 28.09
499 29.67
521 30.45
506 31.23
506 32.01
506 32.79
506 33.57
521 34.35
537 35.13
537 35.91
521 36.69
552 37.47
552 38.37
552 39.16
567 39.95
552 40.74
582 41.53
582 42.32
598 43.11
598 43.9
598 44.69
598 45.48
613 46.27
613 47.06
628 47.85
659 48.67
643 49.49
643 50.31
690 51.13
705 51.95
690 52.77
720 53.59
736 54.41
751 55.23
767 56.05
767 56.87
797 57.66
812 58.44
812 59.22
828 60
828 60.78
828 61.56
828 62.34
797 63.12
812 63.9
812 64.68
812 65.46
797 66.24
797 66.79
782 67.58
782 68.37
751 69.16
481 69.95
474 70.74
464 71.53
452 72.32
441 73.11
435 73.9
438 74.69
440 75.48
434 76.3
438 77.12
440 77.94
441 78.76
441 79.58
435 80.4
432 81.22
430 82.04
429 82.86
429 83.68
435 84.5
425 85.32
433 86.15
431 86.93
423 87.71
419 88.49
424 89.27
419 90.05
417 90.83
423 91.61
426 92.39
420 93.17
424 93.95
426 94.73
420 95.66
424 96.44
433 97.22
431 98
423 98.78
419 99.56
430 100.34
436 101.12
439 101.9
434 102.68
431 103.46
430 104.24
436 105.15
432 105.95
437 106.75
433 107.55
431 108.35
430 109.15
422 109.95
412 110.75
401 111.55
389 112.35
374 113.15
366 113.95
354 114.74
348 115.53
331 116.32
322 117.11
310 117.9
304 118.69
286 119.48
285 120.27
284 121.06
284 121.85
276 122.64
239 123.43
246 124.33
250 125.1
244 125.87
241 126.64
233 127.41
221 128.18
230 128.95
227 129.72
225 130.49
224 131.26
224 132.03
217 132.8
213 133.63
204 134.43
207 135.23
208 136.03
223 136.83
235 137.63
537 138.43
582 139.23
552 140.03
567 140.83
537 141.63
552 142.43
537 143.3
521 144.08
521 144.86
505 145.64
506 146.42
506 147.2
506 147.98
506 148.76
499 149.54
490 150.32
485 151.1
483 151.88
482 152.81
481 153.61
474 154.41
477 155.21
479 156.01
473 156.81
470 157.61
468 158.41
467 159.21
467 160.01
448 160.81
451 161.61
452 162.41
441 163.2
441 163.99
448 164.78
438 165.57
433 166.36
437 167.15
433 167.94
424 168.73
433 169.52
431 170.31
430 171.1
429 171.82
422 172.61
418 173.4
423 174.19
419 174.98
417 175.77
423 176.56
426 177.35
420 178.14
412 178.93
420 179.72
424 180.51
426 181.34
420 182.17
424 183
426 183.83
420 184.66
424 185.49
419 186.32
417 187.15
429 187.98
429 188.81
422 189.64
432 190.47
423 191.43
426 192.21
427 192.99
428 193.77
435 194.55
432 195.33
437 196.11
433 196.89
424 197.67
426 198.45
440 199.23
441 200.01
435 200.88
438 201.68
433 202.48
431 203.28
436 204.08
432 204.88
423 205.68
412 206.48
401 207.28
395 208.08
392 208.88
384 209.68
372 210.54
365 211.27
346 212
338 212.73
333 213.46
323 214.19
311 214.92
304 215.65
286 216.38
285 217.11
254 217.84
254 218.57
246 219.45
252 220.24
253 221.03
253 221.82
253 222.61
246 223.4
252 224.19
253 224.98
253 225.77
253 226.56
253 227.35
246 228.14
235 228.9
221 229.69
215 230.48
212 231.27
210 232.06
217 232.85
206 233.64
208 234.43
216 235.22
206 236.01
200 236.8
197 237.59
196 238.42
195 239.18
195 239.94
195 240.7
202 241.46
191 242.22
185 242.98
183 243.74
182 244.5
188 245.26
198 246.02
196 246.78
188 247.61
192 248.4
194 249.19
195 249.98
187 250.77
184 251.56
182 252.35
165 253.14
173 253.93
176 254.72
162 255.51
178 256.3
186 257.13
184 257.89
165 258.65
173 259.41
184 260.17
189 260.93
192 261.69
186 262.45
191 263.21
185 263.97
166 264.73
181 265.49
181 266.29
181 267.08
181 267.87
181 268.66
164 269.45
172 270.24
159 271.03
170 271.82
158 272.61
153 273.4
166 274.19
174 274.98
177 275.84
179 276.65
180 277.46
187 278.27
167 279.08
157 279.89
152 280.7
174 281.51
177 282.32
179 283.13
187 283.94
167 284.75
174 285.58
160 286.38
177 287.18
186 287.98
184 288.78
189 289.58
192 290.38
186 291.18
184 291.98
182 292.78
181 293.58
188 294.38
192 295.25
194 296.04
195 296.83
202 297.62
198 298.41
196 299.2
195 299.99
203 300.78
199 301.57
197 302.36
196 303.15
203 303.94
207 304.76
201 305.56
198 306.36
211 307.16
218 307.96
214 308.76
219 309.56
214 310.36
212 311.16
218 311.96
221 312.76
230 313.56
227 314.39
233 315.18
236 315.97
244 316.76
249 317.55
244 318.34
241 319.13
248 319.92
251 320.71
252 321.5
255 322.29
270 323.08
276 323.9
273 324.69
285 325.48
292 326.27
288 327.06
300 327.85
307 328.64
318 329.43
323 330.22
318 331.01
323 331.8
326 332.59
335 333.46
339 334.29
390 335.12
390 335.95
383 336.78
386 337.61
408 338.44
412 339.27
420 340.1
424 340.93
446 341.76
468 342.59
506 343.42
521 344.17
552 344.92
567 345.67
598 346.42
598 347.17
613 347.92
644 348.67
628 349.42
628 350.17
613 350.92
628 351.67
613 352.54
613 353.33
613 354.12
628 354.91
628 355.7
598 356.49
598 357.28
613 358.07
613 358.86
613 359.65
