344 0.309998
348 1.10001
350 1.89001
359 2.67999
364 3.47
358 4.26001
355 5.07
362 5.88
365 6.69
359 7.5
364 8.31
366 9.12
367 9.93
368 10.74
368 11.55
376 12.36
373 13.17
363 13.98
374 14.78
371 15.54
370 16.3
377 17.06
373 17.82
371 18.58
362 19.34
349 20.1
359 20.86
356 21.62
354 22.38
339 23.14
323 23.95
323 24.74
316 25.53
296 26.32
287 27.11
282 27.9
280 28.69
272 29.48
267 30.27
249 31.06
252 31.85
250 32.64
241 33.42
245 34.21
247 35
248 35.79
240 36.58
237 37.37
235 38.16
241 38.95
245 39.74
249 40.53
252 41.32
250 42.11
264 42.94
271 43.74
267 44.54
265 45.34
278 46.14
249 46.94
271 47.74
281 48.54
294 49.34
301 50.14
290 50.94
284 51.74
288 52.58
297 53.37
318 54.16
320 54.95
321 55.74
337 56.53
352 57.32
360 58.11
364 58.9
366 59.69
376 60.48
399 62.08
386 61.27
412 62.87
417 63.66
433 64.45
441 65.24
452 66.03
463 66.82
482 67.61
515 68.4
531 69.19
546 69.98
576 70.77
592 71.57
622 72.36
653 73.15
684 73.94
714 74.73
699 75.52
714 76.31
714 77.1
714 77.89
714 78.68
699 79.47
714 80.26
714 81.12
699 81.89
699 82.66
699 83.43
699 84.2
684 84.97
669 85.74
699 86.51
699 87.28
699 88.05
699 88.82
699 89.59
699 90.43
699 91.23
699 92.03
714 92.83
714 93.63
714 94.43
714 95.23
669 96.03
653 96.83
592 97.63
546 98.43
515 99.23
496 100.06
479 100.84
464 101.62
451 102.4
437 103.18
430 103.96
433 104.74
435 105.52
429 106.3
426 107.08
431 107.86
440 108.64
445 109.6
447 110.38
448 111.16
442 111.94
446 112.72
453 113.5
452 114.28
456 115.06
459 115.84
467 116.62
471 117.4
466 118.18
471 119.06
473 119.87
474 120.68
481 121.49
478 122.3
483 123.11
479 123.92
490 124.73
515 125.54
507 126.35
515 127.16
515 127.97
515 128.73
531 129.52
531 130.31
546 131.1
546 131.89
546 132.68
531 133.47
546 134.26
531 135.05
531 135.84
531 136.63
531 137.42
515 138.27
515 139.04
515 139.81
501 140.58
500 141.35
495 142.12
485 142.89
487 143.66
488 144.43
482 145.2
479 145.97
477 146.74
469 147.55
459 148.37
460 149.19
454 150.01
452 150.83
451 151.65
437 152.47
430 153.29
433 154.11
435 154.93
436 155.75
433 157.36
430 156.57
421 158.15
415 158.94
419 159.73
428 160.52
419 161.31
434 162.1
699 162.89
714 163.68
699 164.47
714 165.26
714 166.05
714 166.9
699 167.68
699 168.46
699 169.24
684 170.02
699 170.8
684 171.58
699 172.36
699 173.14
699 173.92
684 174.7
699 175.48
669 176.36
684 177.15
699 177.94
684 178.73
684 179.52
699 180.31
699 181.1
684 181.89
684 182.68
684 183.47
669 184.26
699 185.05
669 185.87
684 186.69
699 187.51
699 188.33
669 189.15
684 189.97
699 190.79
684 191.61
699 192.43
684 193.25
684 194.07
638 194.89
607 195.68
576 196.45
561 197.22
531 197.99
515 198.76
507 199.53
498 200.3
480 201.07
471 201.84
453 202.61
439 203.38
431 204.15
420 205.03
409 205.82
397 206.61
391 207.4
388 208.19
371 208.98
370 209.77
361 210.56
349 211.35
344 212.14
333 212.93
320 213.72
321 214.53
307 215.3
299 216.07
295 216.84
287 217.61
290 218.38
284 219.15
273 219.92
248 220.69
252 221.46
250 222.23
264 223
248 223.84
248 224.6
248 225.36
248 226.12
252 226.88
250 227.64
249 228.4
241 229.16
237 229.92
228 230.68
231 231.44
225 233.12
232 232.2
214 233.9
208 234.68
213 235.46
201 236.24
202 237.02
210 237.8
200 238.58
195 239.36
192 240.14
191 240.92
190 241.7
196 242.59
208 243.35
198 244.11
194 244.87
206 245.63
205 246.39
197 247.15
194 247.91
198 248.67
194 249.43
198 250.19
194 250.95
198 251.72
194 252.51
198 253.3
194 254.09
192 254.88
184 255.67
186 256.46
188 257.25
189 258.04
189 258.83
189 259.62
196 260.41
200 261.25
195 262.02
199 262.79
187 263.56
181 264.33
185 265.1
180 265.87
184 266.64
187 267.41
188 268.18
189 268.95
182 269.72
178 270.57
176 271.36
183 272.15
186 272.94
181 273.73
185 274.52
180 275.31
177 276.1
176 276.89
183 277.68
193 278.47
197 280.1
206 279.26
200 280.89
209 281.68
214 282.47
216 283.26
209 284.05
199 284.84
195 285.63
199 286.42
195 287.21
192 288
191 288.79
205 289.64
211 290.45
193 291.26
198 292.07
208 292.88
213 293.69
223 294.5
221 295.31
220 296.12
226 296.93
215 297.74
209 298.55
207 299.42
212 300.23
215 301.04
224 301.85
229 302.66
231 303.47
232 304.28
233 305.09
233 305.9
225 306.71
221 307.52
241 309.16
235 308.33
244 309.95
246 310.74
239 311.53
245 312.32
253 313.11
265 313.9
272 314.69
282 315.48
287 316.27
290 317.06
298 317.85
310 318.7
316 319.49
318 320.28
320 321.07
329 321.86
333 322.65
335 323.44
328 324.23
325 325.02
339 325.81
345 326.6
365 327.39
366 328.21
376 329.01
372 329.81
378 330.61
373 331.41
378 332.21
381 333.01
383 333.81
384 334.61
376 335.41
372 336.21
370 337.01
383 337.87
376 338.66
380 339.45
382 340.24
375 341.03
371 341.82
369 342.61
376 343.4
372 344.19
362 344.98
365 345.77
366 346.56
367 347.37
360 348.14
364 348.91
366 349.68
359 350.45
363 351.22
358 351.99
355 352.76
361 353.53
357 354.3
355 355.07
346 355.84
334 356.68
328 357.46
341 358.24
346 359.02
349 359.8
