547 0.119995
532 0.910004
547 1.69998
532 2.48999
547 4.07
547 3.28
532 4.88
547 5.69
532 6.5
562 7.31
562 8.12
562 8.93
562 9.74
562 10.55
562 11.36
562 12.17
562 12.98
577 13.74
562 14.5
577 15.26
577 16.02
547 16.78
547 17.54
532 18.3
516 19.06
496 19.82
486 20.58
474 21.34
433 22.9
455 22.1
428 23.68
419 24.46
403 25.24
394 26.02
390 26.8
379 27.58
367 28.36
352 29.14
345 29.92
327 30.7
318 31.48
313 32.41
318 33.21
314 34.01
311 34.81
318 35.61
328 36.41
341 37.21
347 38.01
343 38.81
341 39.61
332 40.41
343 41.21
348 42.04
359 42.83
356 43.62
355 44.41
371 45.2
378 45.99
374 46.78
386 47.57
386 48.36
386 49.15
386 49.94
399 50.73
412 51.79
424 52.58
417 53.37
420 54.16
435 54.95
443 55.74
440 56.53
445 57.32
453 58.11
469 58.9
477 59.69
489 60.48
487 61.29
486 62.04
494 62.79
490 63.54
496 64.29
499 65.04
499 65.79
493 66.54
497 67.29
491 68.04
488 68.79
487 69.54
486 70.39
474 71.18
480 71.97
478 72.76
477 73.55
463 74.34
463 75.13
456 75.92
466 76.71
464 77.5
457 78.29
453 79.08
452 79.9
451 80.7
456 81.5
440 82.3
445 83.1
453 83.9
446 84.7
448 85.5
455 86.3
452 87.1
452 87.9
445 88.7
448 89.53
443 90.33
447 91.13
449 91.93
450 92.73
450 93.53
462 94.33
731 95.13
746 95.93
746 96.73
746 97.53
762 99.2
746 98.33
762 99.99
762 100.78
762 101.57
762 102.36
746 103.15
777 103.94
746 104.73
777 105.52
762 106.31
777 107.1
777 107.89
792 108.74
792 109.52
792 110.3
777 111.08
792 111.86
792 112.64
807 113.42
807 114.2
792 114.98
777 115.76
746 116.54
715 118.2
730 117.32
685 119.02
669 119.84
654 120.66
638 121.48
623 122.3
608 123.12
593 123.94
577 124.76
561 125.58
561 126.4
547 127.22
531 128.01
531 128.8
515 129.59
507 130.38
503 131.17
496 131.96
486 132.75
481 133.54
478 134.33
470 135.12
460 135.91
455 136.7
440 137.52
438 138.32
437 139.12
437 139.92
437 140.72
424 141.52
417 142.32
414 143.12
412 143.92
406 144.72
396 145.52
397 146.32
391 147.15
379 147.94
382 148.73
376 149.52
365 150.31
367 151.1
360 151.89
357 152.68
355 153.47
346 154.26
350 155.05
345 155.84
349 156.79
351 157.58
352 158.37
345 159.16
342 159.95
340 160.74
346 161.53
327 162.32
325 163.11
332 163.9
327 164.69
341 165.48
340 166.33
324 167.1
317 167.87
327 168.64
318 169.41
320 170.18
329 170.95
326 171.72
332 172.49
320 173.26
321 174.03
330 174.8
319 175.64
314 176.43
303 177.22
298 178.01
295 178.8
294 179.59
317 180.38
319 181.17
321 181.96
315 182.75
312 183.54
302 184.33
305 185.15
307 185.95
322 186.75
316 187.55
312 188.35
318 189.15
305 189.95
299 190.75
304 191.55
306 192.35
307 193.15
308 193.95
323 194.78
331 195.57
327 196.36
318 197.15
320 197.94
321 198.73
322 199.52
316 200.31
327 201.1
333 201.89
336 202.68
337 203.47
338 204.34
330 205.12
334 205.9
386 206.68
3038 207.46
2044 208.24
2044 209.02
2044 209.8
2044 210.58
2060 211.36
2091 212.14
2153 213.82
2122 212.92
2169 214.59
1859 215.36
1843 216.13
1859 216.9
1874 217.67
2417 218.44
2386 219.21
2386 219.98
6237 220.75
6206 221.52
6175 222.29
2945 223.12
6330 223.9
6439 224.68
6315 225.46
6579 226.24
2681 227.02
6252 227.8
6252 228.58
5910 229.36
5864 230.14
5305 230.92
5290 231.7
5290 232.51
5290 233.29
0 234.07
5430 234.85
5802 235.63
5103 236.41
5103 237.19
3023 237.97
2976 238.75
2992 239.53
5771 240.31
5724 241.09
5693 242.01
5616 242.78
5616 243.55
5662 244.32
8024 245.09
4559 245.86
4575 246.63
4699 247.4
0 248.17
0 248.94
4994 249.71
0 251.32
0 250.48
5228 252.11
5212 252.9
1178 253.69
1178 254.48
5134 255.27
5119 256.06
0 256.85
5072 257.64
5057 258.43
5041 259.22
5196 260.83
1596 260.01
4994 261.58
4994 262.33
5010 263.08
0 263.83
5026 264.58
5041 265.33
176 266.08
176 266.83
158 267.58
149 268.33
137 269.08
139 269.89
132 270.7
136 271.51
130 272.32
135 273.13
138 273.94
131 274.75
128 275.56
126 276.37
134 277.18
137 277.99
132 279.67
139 278.8
129 280.46
127 281.25
134 282.04
137 282.83
131 283.62
136 284.41
130 285.2
135 285.99
138 286.78
131 287.57
136 288.36
130 289.18
135 289.97
138 290.76
140 291.55
141 292.34
133 293.13
137 293.92
131 294.71
136 295.5
139 296.29
140 297.08
141 297.87
133 298.67
154 299.47
148 300.27
162 301.07
169 301.87
173 302.67
174 303.47
175 304.27
175 305.07
158 305.87
149 306.67
169 308.33
163 307.47
179 309.12
177 309.91
159 310.7
174 311.49
182 312.28
193 313.07
191 313.86
197 314.65
201 315.44
195 316.23
200 317.02
202 317.81
195 318.6
200 319.39
209 320.18
214 320.97
217 321.76
218 322.55
219 323.34
219 324.13
226 324.92
230 325.71
239 326.5
237 327.35
242 328.2
237 329.05
244 329.9
246 330.75
247 331.6
251 332.45
254 333.3
255 334.15
267 335
280 335.85
287 336.7
305 337.54
314 338.33
326 339.12
324 339.91
323 340.7
339 341.49
353 342.28
361 343.07
379 343.86
395 344.65
415 345.44
438 347.05
426 346.23
456 347.81
472 348.57
531 349.33
547 350.09
547 350.85
561 351.61
547 352.37
547 353.13
561 353.89
561 354.65
531 355.41
531 356.25
561 357.04
547 357.83
547 358.62
547 359.41
