441 0.329987
449 1.12
440 1.90997
442 2.69998
436 3.48999
440 4.29
442 5.08
449 5.87
446 6.66
451 7.45
447 8.24
452 9.03
460 9.82
458 10.61
464 11.4
467 12.19
468 12.98
469 13.83
456 14.6
463 15.37
466 16.14
461 16.91
458 17.68
457 18.45
463 19.22
473 19.99
478 20.76
467 21.53
480 22.3
475 23.15
472 23.94
483 24.73
483 25.52
488 26.31
491 27.1
492 27.89
508 28.68
524 29.47
503 30.26
539 31.05
554 31.84
554 32.67
539 33.46
554 34.25
569 35.04
539 35.83
585 36.62
569 37.41
569 38.2
569 38.99
600 39.78
585 40.57
616 41.36
631 42.21
646 42.99
646 43.77
677 44.55
646 45.33
646 46.11
662 46.89
646 47.67
707 48.45
723 49.23
738 50.01
754 50.79
738 51.53
754 52.32
738 53.11
723 53.9
723 54.69
723 55.48
707 56.27
693 57.06
677 57.85
693 58.64
677 59.43
677 60.22
677 61.02
677 61.78
662 62.54
646 63.3
662 64.06
646 64.82
646 65.58
646 66.34
646 67.1
631 67.86
585 68.62
470 69.38
463 70.23
459 71.01
457 71.79
451 72.57
453 73.35
449 74.13
452 74.91
448 75.69
452 76.47
448 77.25
446 78.03
444 79.65
445 78.81
444 80.47
444 81.29
444 82.11
437 82.93
440 83.75
435 84.57
433 85.39
438 86.21
441 87.03
436 87.85
433 88.67
425 89.47
428 90.25
423 91.03
433 91.81
438 92.59
434 93.37
439 94.15
441 94.93
436 95.71
440 96.49
429 97.27
436 98.05
446 98.87
445 99.66
444 100.45
444 101.24
450 102.03
447 102.82
439 103.61
448 104.4
452 105.19
448 105.98
458 106.77
457 107.56
463 108.32
466 109.14
468 109.96
469 110.78
469 111.6
476 112.42
479 113.24
474 114.06
472 114.88
471 115.7
477 116.52
480 117.34
508 118.14
508 118.94
500 119.74
497 120.54
508 121.34
524 122.14
508 122.94
539 123.74
524 124.54
539 125.34
539 126.14
539 126.94
569 127.79
569 128.57
569 129.35
241 130.13
234 130.91
230 131.69
221 132.47
216 133.25
207 134.03
202 134.81
207 135.59
195 136.37
189 137.28
200 138.07
192 138.86
187 139.65
192 140.44
187 141.23
192 142.02
187 142.81
185 143.6
184 144.39
184 145.18
184 145.97
184 146.78
166 147.57
174 148.36
162 149.15
173 149.94
178 150.73
164 151.52
148 152.31
165 153.1
157 153.89
154 154.68
152 155.47
142 156.57
138 157.36
144 158.15
147 158.94
140 159.73
145 160.52
148 161.31
148 162.1
149 162.89
149 163.68
149 164.47
149 165.26
141 166.13
137 166.9
143 167.67
147 168.44
148 169.21
141 169.98
137 170.75
127 171.52
130 172.29
124 173.06
129 173.83
123 174.6
120 175.45
127 176.24
130 177.03
132 177.82
141 178.61
137 179.4
127 180.19
130 180.98
132 181.77
133 182.56
141 183.35
137 184.14
127 184.93
122 185.73
119 186.53
118 187.33
134 188.13
134 188.93
134 189.73
141 190.53
137 191.33
135 192.13
142 192.93
138 193.73
135 194.58
135 195.36
134 196.14
134 196.92
141 197.7
146 198.48
165 199.26
148 200.04
149 200.82
141 201.6
146 202.38
148 203.16
165 204.08
149 204.87
149 205.66
141 206.45
162 207.24
173 208.03
178 208.82
164 209.61
156 210.4
153 211.19
168 211.98
175 212.77
163 213.57
173 214.34
161 215.11
172 215.88
177 216.65
187 217.42
185 218.19
184 218.96
184 219.73
190 220.5
194 221.27
203 222.04
176 222.93
163 223.7
156 224.47
170 225.24
184 226.01
184 226.78
184 227.55
184 228.32
190 229.09
186 229.86
192 230.63
185 232.32
187 231.4
167 233.1
175 233.88
179 234.66
165 235.44
174 236.22
153 237
143 237.78
138 238.56
144 239.34
147 240.12
148 240.9
149 241.74
149 242.49
141 243.24
146 243.99
148 244.74
148 245.49
141 246.24
137 246.99
135 247.74
135 248.49
142 249.24
144 250.81
138 249.99
147 251.6
148 252.39
141 253.18
129 253.97
131 254.76
132 255.55
124 256.34
129 257.13
139 257.92
136 258.71
135 259.5
142 260.29
146 261.08
148 261.87
141 262.66
145 263.45
148 264.24
141 265.03
145 265.82
148 266.61
132 267.4
141 268.19
145 268.98
139 269.76
136 270.55
127 271.34
130 272.13
140 272.92
129 273.71
139 274.5
136 275.29
143 276.08
138 276.87
144 277.66
147 278.45
148 279.33
149 280.11
149 280.89
149 281.67
149 282.45
141 283.23
146 284.01
148 284.79
148 285.57
165 286.35
157 287.13
154 287.91
152 288.82
167 289.62
158 290.42
171 291.22
160 292.02
155 292.82
169 293.62
176 294.42
180 295.22
165 296.02
157 296.82
145 297.62
164 298.43
156 299.23
170 300.03
176 300.83
180 301.63
182 302.43
183 303.23
183 304.03
190 304.83
194 305.63
203 306.43
193 307.23
195 308.08
203 308.87
208 309.66
202 310.45
207 311.24
217 312.03
207 312.82
217 313.61
221 314.4
231 315.19
554 315.98
569 316.77
585 317.6
569 318.39
569 319.18
569 319.97
554 320.76
554 321.55
539 322.34
539 323.13
524 323.92
508 324.71
524 325.5
508 327.12
524 326.29
496 327.96
508 328.8
508 329.64
500 330.48
508 331.32
496 332.16
483 333
483 333.84
488 334.68
485 335.52
484 336.36
477 337.22
473 338.01
471 338.8
463 339.59
466 340.38
468 341.17
469 341.96
469 342.75
456 343.54
456 344.33
463 345.12
453 345.91
461 346.72
452 347.49
448 348.26
446 349.03
451 349.8
447 350.57
439 351.34
435 352.11
446 352.88
451 353.65
447 354.42
431 356.03
432 355.19
424 356.82
427 357.61
429 358.4
436 359.19
440 359.98
