182 0.660004
197 1.45001
205 2.23999
209 3.03
212 4.6
211 3.82001
212 5.39
220 6.18
224 6.97
226 7.76
219 8.55
216 9.34
222 10.13
225 10.92
234 11.71
231 12.5
237 13.29
232 14.13
238 14.91
243 15.69
235 16.47
241 17.25
242 18.03
243 18.81
251 19.59
244 20.37
252 21.15
244 21.93
256 23.62
252 22.71
307 24.41
660 25.2
644 25.99
660 26.78
675 27.57
660 28.36
660 29.15
644 29.94
629 30.73
644 31.52
613 32.31
598 33.12
598 33.88
582 34.64
598 35.4
598 36.16
582 36.92
582 37.68
551 38.44
582 39.2
535 39.96
551 40.72
551 41.48
535 42.36
535 43.17
535 43.98
520 44.79
520 45.6
520 46.41
504 47.22
504 48.03
496 48.84
487 49.65
488 50.46
488 51.27
483 52.11
486 52.9
504 53.69
484 54.48
481 55.27
485 56.06
481 56.85
485 57.64
487 58.43
482 59.22
480 60.01
466 60.8
465 61.61
465 62.36
471 63.11
474 63.86
476 64.61
470 65.36
461 66.11
463 66.86
464 67.61
464 68.36
464 69.11
464 69.86
471 70.71
474 71.49
476 72.27
470 73.05
474 73.83
463 74.61
470 75.39
467 76.17
466 76.95
472 77.73
468 78.51
466 79.29
465 80.21
471 81.01
468 81.81
466 82.61
472 83.41
462 84.21
463 85.01
470 85.81
474 86.61
481 87.41
485 88.21
487 89.01
488 89.81
488 90.64
483 91.47
486 92.3
487 93.13
520 93.96
505 94.79
497 95.62
505 96.45
520 97.28
536 98.11
520 98.94
536 99.77
536 100.56
536 101.35
536 102.14
567 102.93
551 103.72
535 104.51
551 105.3
567 106.09
582 106.88
567 107.67
551 108.46
551 109.31
535 110.08
535 110.85
535 111.62
520 112.39
504 113.16
504 113.93
504 114.7
496 115.47
492 116.24
485 117.01
468 117.78
466 118.62
452 119.41
458 120.2
448 120.99
450 121.78
451 122.57
451 123.36
444 124.15
441 124.94
433 125.73
429 126.52
427 127.31
413 128.12
406 128.9
402 129.68
407 130.46
389 131.24
394 132.02
396 132.8
404 133.58
421 134.36
416 135.14
407 135.92
403 136.7
394 137.65
383 138.47
377 139.29
374 140.11
364 140.93
374 141.75
364 142.57
368 143.39
361 144.21
357 145.03
347 145.85
356 147.54
359 146.67
347 148.33
342 149.12
348 149.91
360 150.7
366 151.49
352 152.28
353 153.07
337 153.86
345 154.65
349 155.44
351 156.23
352 156.78
353 157.57
345 158.36
349 159.15
335 159.94
344 160.73
333 161.52
335 162.31
353 163.1
345 163.89
341 164.68
347 165.47
342 166.29
332 167.1
327 167.91
332 168.72
327 169.53
332 170.34
335 171.15
344 171.96
333 172.77
343 173.58
348 174.39
348 176.07
343 175.2
343 176.86
340 177.65
331 178.44
326 179.23
332 180.02
343 180.81
348 181.6
351 182.39
352 183.18
353 183.97
358 185.57
362 184.76
356 186.36
370 187.15
377 187.94
381 188.73
390 189.52
394 190.31
389 191.1
394 191.89
396 192.68
390 193.47
394 194.26
403 195.06
407 195.85
416 196.64
420 197.43
422 198.22
423 199.01
417 199.8
414 200.59
433 201.38
429 202.17
433 202.96
435 203.75
443 204.56
454 205.35
453 206.14
459 206.93
468 207.72
478 208.51
483 209.3
486 210.09
482 210.88
485 211.67
487 212.46
482 213.25
473 214.02
166 214.77
166 215.52
147 216.27
128 217.02
119 217.77
105 218.52
98 219.27
94 220.02
92 220.77
82 221.52
86 222.27
88 223.08
89 223.88
90 224.68
90 225.48
90 226.28
81 227.08
86 227.88
88 228.68
80 229.48
76 230.28
74 231.08
73 231.88
72 232.79
72 233.57
72 234.35
72 235.13
72 235.91
72 236.69
62 237.47
67 238.25
69 239.03
70 239.81
71 240.59
71 241.37
71 242.22
71 242.96
71 243.7
71 244.44
71 245.18
71 245.92
71 246.66
62 247.4
67 248.14
69 248.88
70 249.62
71 250.36
71 251.1
71 251.89
71 252.68
71 253.47
71 254.26
71 255.05
62 255.84
67 256.63
69 257.42
70 258.21
71 259
71 259.79
71 260.64
71 261.43
71 262.22
71 263.01
71 263.8
71 264.59
71 265.38
71 266.17
71 266.96
71 267.75
71 268.54
71 269.33
71 270.13
71 270.92
71 271.71
71 272.5
71 273.29
71 274.08
71 274.87
81 275.66
86 276.45
88 277.24
89 278.03
90 278.82
90 279.63
90 280.42
81 281.21
86 282
88 282.79
89 283.58
90 284.37
81 285.16
86 285.95
88 286.74
89 287.53
90 288.32
90 289.17
90 289.96
90 290.75
90 291.54
90 292.33
90 293.12
90 293.91
90 294.7
100 295.49
105 296.28
107 297.07
108 297.86
109 298.77
109 299.56
109 300.35
119 301.14
124 301.93
126 302.72
127 303.51
128 304.3
147 305.09
156 305.88
161 306.67
163 307.46
164 308.3
165 309.09
165 309.88
173 310.67
177 311.46
187 312.25
192 313.04
194 313.83
195 314.62
204 315.41
208 316.2
218 316.99
223 317.8
210 318.59
196 319.38
189 320.17
201 320.96
207 321.75
210 322.54
211 323.33
204 324.12
216 324.91
222 325.7
217 326.49
207 327.3
210 328.17
196 329.04
196 329.91
189 330.78
193 331.65
195 332.52
196 333.39
204 334.26
200 335.13
191 336
202 336.87
199 337.65
190 338.44
193 339.23
195 340.02
180 340.81
181 341.6
189 342.39
185 343.18
199 343.97
198 344.76
197 345.55
205 346.34
209 347.19
195 347.95
188 348.71
192 349.47
194 350.23
195 350.99
196 351.75
204 352.51
208 353.27
202 354.03
192 354.79
194 355.55
188 356.36
200 357.15
183 357.94
190 358.73
193 359.52
