229 0.299988
220 1.09
224 1.87997
218 2.66998
223 3.45999
233 4.28
239 5.05
241 5.82
242 6.59
250 7.36
254 8.13
256 8.9
265 9.67
270 10.44
272 11.21
273 11.98
274 12.75
266 13.63
270 14.39
272 15.15
273 15.91
281 16.67
285 17.43
280 18.19
285 18.95
287 19.71
296 20.47
285 21.23
295 21.99
300 22.83
310 23.62
308 24.41
307 25.2
322 25.99
337 26.78
345 27.57
358 28.36
355 29.15
363 29.94
367 30.73
382 31.52
390 32.34
394 33.11
402 33.88
406 34.65
415 35.42
419 36.19
428 36.96
439 37.73
438 38.5
457 39.27
467 40.04
477 40.81
482 41.72
503 42.5
534 43.28
519 44.06
566 44.84
581 45.62
597 46.4
643 47.18
659 47.96
674 48.74
705 49.52
721 50.3
752 51.19
768 51.98
752 52.77
768 53.56
768 54.35
768 55.14
768 55.93
752 56.72
752 57.51
752 58.3
768 59.09
752 59.88
752 60.68
737 61.45
737 62.22
737 62.99
752 63.76
737 64.53
752 65.3
737 66.07
737 66.84
752 67.61
752 68.38
752 69.15
752 70.06
737 70.84
752 71.62
752 72.4
752 73.18
438 73.96
385 74.74
361 75.52
306 76.3
290 77.08
243 77.86
235 78.64
223 79.5
217 80.3
199 81.1
190 81.9
185 82.7
175 83.5
178 84.3
187 85.1
176 85.9
170 86.7
167 87.5
166 88.3
173 89.17
169 89.98
175 90.79
151 91.6
158 92.41
161 93.22
163 94.03
172 94.84
176 95.65
152 96.46
166 97.27
165 98.08
173 98.95
184 99.73
182 100.51
189 101.29
185 102.07
183 102.85
189 103.63
192 104.41
194 105.19
195 105.97
203 106.75
199 107.53
205 108.42
208 109.2
202 109.98
215 110.76
221 111.54
201 112.32
214 113.1
205 113.88
216 114.66
214 115.44
221 116.22
224 117
233 117.8
238 118.59
240 119.38
244 120.17
251 120.96
243 121.75
243 122.54
259 123.33
267 124.12
271 124.91
280 125.7
285 126.49
295 127.36
300 128.14
303 128.92
312 129.7
324 130.48
322 131.26
337 132.04
337 132.82
329 133.6
325 134.38
339 135.16
346 135.94
349 136.83
343 137.63
348 138.43
350 139.23
343 140.03
340 140.83
323 141.63
330 142.43
341 143.23
323 144.03
314 144.83
310 145.63
315 146.47
310 147.26
308 148.05
314 148.84
317 149.63
319 150.42
320 151.21
320 152
313 152.79
317 153.58
327 154.37
319 156.32
332 155.16
304 157.1
305 157.88
305 158.66
313 159.44
309 160.22
315 161
318 161.78
319 162.56
312 163.34
324 164.12
315 164.9
318 165.79
319 166.56
328 167.33
324 168.1
330 168.87
333 169.64
335 170.41
336 171.18
336 171.95
336 172.72
328 173.49
332 174.26
334 175.06
327 175.85
340 176.64
338 177.43
354 178.22
345 179.01
358 179.8
355 180.59
376 181.38
612 182.17
643 182.96
659 184.64
659 183.75
659 185.42
659 186.2
659 186.98
690 187.76
674 188.54
705 189.32
721 190.1
690 190.88
737 191.66
737 192.44
737 193.22
721 194.13
721 194.91
705 195.69
690 196.47
690 197.25
659 198.03
659 198.81
643 199.59
643 200.37
628 201.15
597 201.93
612 202.71
581 203.59
566 204.38
581 205.17
566 205.96
566 206.75
550 207.54
550 208.33
534 209.12
534 209.91
534 210.7
503 211.49
503 213.09
519 212.28
495 213.85
486 214.61
487 215.37
487 216.13
487 216.89
475 217.65
476 218.41
463 219.17
463 219.93
457 220.69
454 221.45
452 222.33
445 223.11
441 223.89
439 224.67
438 225.45
431 226.23
434 227.01
422 227.79
128 228.57
118 229.35
113 230.13
101 230.91
95 231.79
92 232.58
91 233.37
90 234.16
80 234.95
75 235.74
82 236.53
86 237.32
88 238.11
89 238.9
89 239.69
89 240.48
89 241.26
89 241.99
89 242.72
89 243.45
89 244.18
89 244.91
80 245.64
75 246.37
82 247.1
86 247.83
88 248.56
89 249.29
89 250.17
89 250.96
89 251.75
80 252.54
85 253.33
87 254.12
79 254.91
84 255.7
87 256.49
88 257.28
89 258.07
89 258.86
89 259.64
89 260.4
89 261.16
89 261.92
89 262.68
89 263.44
89 264.2
89 264.96
89 265.72
89 266.48
89 267.24
89 268
80 268.88
85 269.71
87 270.54
88 271.37
89 272.2
99 273.03
94 273.86
92 274.69
100 275.52
104 276.35
106 277.18
107 278.01
108 278.84
108 279.63
118 280.42
123 281.21
125 282
126 282.79
127 283.58
127 284.37
127 285.16
127 285.95
127 286.74
127 287.53
127 288.31
127 289.1
127 289.89
127 290.68
146 291.47
137 292.26
132 293.05
148 293.84
156 294.63
160 295.42
162 296.21
172 297.83
163 297
176 298.62
178 299.41
179 300.2
187 300.99
191 301.78
193 302.57
194 303.36
195 304.15
203 304.94
207 305.73
217 306.52
214 307.33
221 308.12
216 308.91
229 309.7
236 310.49
239 311.28
244 312.07
220 312.86
216 313.65
229 314.44
228 315.23
235 316.02
239 316.87
241 317.65
242 318.43
242 319.21
227 319.99
235 320.77
239 321.55
241 322.33
234 323.11
231 323.89
229 324.67
220 325.45
224 326.3
226 327.09
219 327.88
223 328.67
209 329.46
218 330.25
207 331.04
209 331.83
210 332.62
219 333.41
215 334.2
213 334.99
220 336.57
216 337.35
214 338.13
221 338.91
216 339.69
206 340.47
201 341.25
206 342.03
209 342.81
210 343.59
219 344.37
223 345.15
217 346.06
214 346.84
213 347.62
220 348.4
224 349.18
210 349.96
211 350.74
219 351.52
223 352.3
217 353.08
214 353.86
221 354.64
216 355.45
214 356.24
213 357.03
212 357.82
204 358.61
208 359.4
