308 0.199982
315 0.97998
311 1.75998
316 2.53998
319 3.31998
313 4.09998
317 5.05
327 5.83
332 6.61
335 7.39
344 8.17
349 8.95
335 9.73
328 10.51
341 11.29
347 12.07
359 12.85
365 13.63
368 14.48
361 15.25
366 16.02
369 16.79
370 17.56
362 18.33
358 19.1
365 19.87
368 20.64
370 21.41
362 22.18
367 22.95
369 23.73
361 24.52
366 25.31
360 26.1
366 26.89
369 27.68
361 28.47
349 29.26
343 30.05
332 30.84
327 31.63
312 33.22
317 32.42
301 34.01
304 34.8
297 35.59
294 36.38
292 37.17
283 37.96
271 38.75
244 39.54
252 40.33
256 41.12
244 41.91
236 42.72
240 43.51
226 44.3
227 45.09
227 45.88
220 46.67
224 47.46
226 48.25
227 49.04
220 49.83
216 50.62
205 52.22
214 51.41
201 53
191 53.78
194 54.56
188 55.34
192 56.12
194 56.9
195 57.68
196 58.46
196 59.24
196 60.02
185 61.71
189 60.8
191 62.45
186 63.19
191 63.93
178 64.67
180 65.41
181 66.15
181 66.89
181 67.63
173 68.37
151 69.11
140 69.85
153 70.7
175 71.49
194 72.28
203 73.07
208 73.86
218 74.65
231 75.44
238 76.23
256 77.02
273 77.81
282 78.6
354 80.23
302 79.39
376 81.05
400 81.87
419 82.69
428 83.51
440 84.33
446 85.15
449 85.97
450 86.79
451 87.61
458 88.43
446 90.05
455 89.25
449 90.86
450 91.67
451 92.48
458 93.29
448 94.1
456 94.91
447 95.72
456 96.53
460 97.34
462 98.15
463 98.96
470 99.84
461 100.63
469 101.42
467 102.21
472 103
462 103.79
463 104.58
470 105.37
474 106.16
476 106.95
482 107.74
487 109.33
485 108.53
488 110.12
488 110.91
504 111.7
496 112.49
504 113.28
504 114.07
520 114.86
877 115.65
862 116.44
862 117.23
877 118.02
877 118.83
893 119.63
893 120.43
908 121.23
908 122.03
924 122.83
908 123.63
893 124.43
877 125.23
877 126.03
846 126.83
831 128.55
846 127.63
800 129.33
800 130.11
784 130.89
769 131.67
737 132.45
737 133.23
722 134.01
722 134.79
722 135.57
706 136.35
706 137.13
691 138
660 138.76
675 139.52
675 140.28
644 141.04
644 141.8
629 142.56
629 143.32
613 144.08
598 144.84
613 145.6
613 146.36
582 147.18
582 148.01
567 148.84
567 149.67
582 150.5
567 151.33
551 152.16
567 152.99
551 153.82
567 154.65
567 155.48
551 156.31
535 157.18
535 157.96
535 158.74
551 159.52
535 160.3
535 161.08
520 161.86
520 162.64
520 163.42
504 164.2
520 164.98
520 165.76
520 166.63
504 167.42
504 168.21
520 169
504 169.79
496 170.58
492 171.37
504 172.16
504 172.95
496 173.74
520 174.53
520 175.32
520 176.13
504 176.92
491 177.71
484 178.5
481 179.29
504 180.08
504 180.87
491 181.66
490 182.45
489 183.24
489 184.03
496 185.66
504 184.82
504 186.44
496 187.22
492 188
478 188.78
465 189.56
412 190.34
405 191.12
388 191.9
380 192.68
367 193.46
344 194.24
325 195.09
308 195.88
299 196.67
279 197.46
269 198.25
264 199.04
262 199.83
244 200.62
236 201.41
232 202.2
238 202.99
241 203.78
234 204.62
231 205.4
222 206.18
217 206.96
215 207.74
206 208.52
201 209.3
191 210.08
186 210.86
184 211.64
183 212.42
182 213.2
174 214.12
170 214.87
168 215.62
167 216.37
148 217.12
129 217.87
129 218.62
129 219.37
119 220.12
124 220.87
126 221.62
127 222.37
128 223.15
128 223.95
119 224.75
114 225.55
102 226.35
106 227.15
108 227.95
99 228.75
95 229.55
102 230.35
96 231.15
93 231.95
92 232.83
91 233.62
91 234.41
91 235.2
91 235.99
91 236.78
91 237.57
81 238.36
76 239.15
83 239.94
77 240.73
84 241.52
87 242.32
89 243.07
90 243.82
81 244.57
76 245.32
74 246.07
73 246.82
72 247.57
72 248.32
72 249.07
72 249.82
72 251.35
72 250.57
72 252.14
72 252.93
72 253.72
72 254.51
72 255.3
72 256.09
72 256.88
72 257.67
72 258.46
72 259.25
72 260.04
72 260.88
72 261.64
72 262.4
72 263.16
72 263.92
72 264.68
62 265.44
67 266.2
60 266.96
66 267.72
69 268.48
70 269.24
71 270.05
71 270.87
71 271.69
71 272.51
71 273.33
71 274.15
71 274.97
71 275.79
71 276.61
71 277.43
71 278.25
71 279.07
71 279.91
71 280.69
71 281.47
71 282.25
71 283.03
62 283.81
67 284.59
69 285.37
70 286.15
71 286.93
81 287.71
76 288.49
74 289.37
73 290.16
72 290.95
72 291.74
72 292.53
72 293.32
81 294.11
86 294.9
79 295.69
85 296.48
88 297.27
89 298.06
90 298.87
90 299.67
90 300.47
90 301.27
90 302.07
90 302.87
90 303.67
90 304.47
90 305.27
90 306.07
90 306.87
90 307.67
90 308.51
81 309.29
95 310.07
102 310.85
106 311.63
108 312.41
109 313.19
109 313.97
119 314.75
114 315.53
121 316.31
127 318
125 317.09
128 318.79
128 319.58
147 320.37
156 321.16
142 321.95
154 322.74
160 323.53
163 324.32
172 325.11
176 325.9
178 326.69
179 327.49
188 328.33
192 329.17
186 330.01
199 330.85
206 331.69
209 332.53
211 333.37
227 334.21
227 335.05
235 335.89
239 336.73
244 337.65
252 338.43
271 339.21
281 339.99
278 340.77
292 341.55
315 342.33
311 343.11
309 343.89
308 344.67
307 345.45
326 347.11
314 346.23
340 347.87
347 348.63
334 349.39
328 350.15
333 350.91
343 351.67
325 352.43
339 353.19
323 353.95
315 354.71
316 356.32
311 355.47
311 357.11
309 357.9
315 358.69
311 359.48
